   4     0.023
   5     0.017
   6     0.017
   7     0.019
   8     0.013
   9     0.014
  10     0.020
  11     0.014
  12     0.021
  13     0.018
  14     0.019
  15     0.026
  16     0.021
  17     0.025
  18     0.021
  19     0.017
  20     0.026
  21     0.037
  22     0.023
  23     0.043
  24     0.025
  25     0.031
  26     0.078
  27     0.032
  28     0.082
  29     0.020
  30     0.030
  31     0.012
  32     0.013
  33     0.012
  34     0.010
  35     0.010
  36     0.009
  37     0.009
  38     0.012
  39     0.010
  40     0.012
  41     0.010
  42     0.010
  43     0.012
  44     0.011
  45     0.013
  46     0.012
  47     0.012
  48     0.012
  49     0.014
  50     0.012
  51     0.012
  52     0.014
  53     0.013
  54     0.011
  55     0.013
  56     0.011
  57     0.008
  58     0.017
  59     0.015
  60     0.016
  61     0.015
  62     0.011
  63     0.011
  64     0.011
  65     0.012
  66     0.012
  67     0.013
  68     0.015
  69     0.012
  70     0.016
  71     0.014
  72     0.013
  73     0.016
  74     0.012
  75     0.011
  76     0.011
  77     0.010
  78     0.011
  79     0.009
  80     0.012
  81     0.009
  82     0.012
  83     0.008
  84     0.010
  85     0.010
  86     0.011
  87     0.013
  88     0.012
  89     0.013
  90     0.012
  91     0.020
  92     0.014
  93     0.026
  94     0.019
  95     0.019
  96     0.015
  97     0.011
  98     0.011
  99     0.027
 100     0.019
 101     0.040
 102     0.022
 103     0.021
 104     0.016
 105     0.009
 106     0.010
 107     0.010
 108     0.011
 109     0.013
 110     0.016
 111     0.026
 112     0.021
 113     0.023
 114     0.018
 115     0.011
 116     0.011
 117     0.012
 118     0.009
 119     0.010
 120     0.010
 121     0.010
 122     0.010
 123     0.009
 124     0.011
 125     0.013
 126     0.012
 127     0.016
 128     0.015
 129     0.014
 130     0.016
 131     0.013
 132     0.013
 133     0.011
 134     0.011
 135     0.009
 136     0.010
 137     0.010
 138     0.010
 139     0.009
 140     0.010
 141     0.009
 142     0.008
 143     0.011
 144     0.010
 145     0.026
 146     0.015
 147     0.051
 148     0.019
 149     0.042
 150     0.062
 151     0.027
 152     0.063
 153     0.024
 154     0.022
 155     0.019
 156     0.015
 157     0.014
 158     0.012
 159     0.010
 160     0.012
 161     0.010
 162     0.010
 163     0.009
 164     0.010
 165     0.009
 166     0.010
 167     0.010
 168     0.010
 169     0.008
 170     0.009
 171     0.010
 172     0.010
 173     0.012
 174     0.012
 175     0.017
 176     0.012
 177     0.053
 178     0.024
 179     0.061
 180     0.023
 181     0.026
 182     0.012
 183     0.014
 184     0.012
 185     0.012
 186     0.010
 187     0.009
 188     0.009
 189     0.009
 190     0.009
 191     0.010
 192     0.009
 193     0.010
 194     0.009
 195     0.011
 196     0.011
 197     0.013
 198     0.013
 199     0.014
 200     0.012
 201     0.013
 202     0.010
 203     0.011
 204     0.009
 205     0.011
 206     0.009
 207     0.011
 208     0.009
 209     0.011
 210     0.010
 211     0.011
 212     0.012
 213     0.011
 214     0.015
 215     0.015
 216     0.014
 217     0.022
 218     0.021
 219     0.019
 220     0.027
 221     0.014
 222     0.021
 223     0.017
 224     0.018
 225     0.015
 226     0.016
 227     0.012
 228     0.019
 229     0.018
 230     0.025
 231     0.019
 232     0.034
 233     0.020
 234     0.028
 235     0.017
 236     0.012
 237     0.010
 238     0.010
 239     0.018
 240     0.014
 241     0.028
 242     0.038
 243     0.035
 244     0.041
 245     0.038
 246     0.030
 247     0.033
