54
50 55 56 57 76 77 78 79 2668 2669 2672 2677 2722 2723 2724 2729 2730 2738 2740 2743 2746 2751 2798 2799 2801 2802 2805 
580 583 588 591 637 638 639 642 643 644 664 665 3700 3701 3703 3704 3705 3711 3713 3719 3769 
2161 2162 2163 2164 2165 2817 2828 2832 2864 2868 2875 2881 2906 2907 2909 2910 2912 
77 841 842 893 895 898 899 2540 2542 2546 2556 2594 2596 2597 2598 2604 2607 2610 2614 2616 2668 2670 2673 2674 
638 647 648 651 711 712 713 714 1009 1010 1046 1048 1065 1067 1070 1071 3769 3770 3771 
704 709 714 768 770 771 772 773 776 780 781 782 786 788 789 791 793 794 798 803 804 823 835 838 839 850 860 862 865 866 871 872 873 874 876 878 879 884 885 950 952 954 983 984 985 990 991 994 996 999 1002 1008 1053 1054 1055 
207 215 216 217 244 254 255 256 257 263 559 562 566 622 626 627 628 630 676 677 678 684 688 690 696 743 744 746 754 756 758 760 1160 1166 1170 1172 1173 1177 1181 1182 1183 1184 1190 1231 1232 1233 1234 1237 1240 1243 1301 1302 1303 1304 1306 1493 1509 1513 2248 2249 2251 2252 2255 
1095 1099 1148 1149 1150 1151 2352 2361 2362 2365 2370 2371 2372 3253 3261 3266 3304 3305 3306 3310 3312 3313 3316 3379 3381 3382 3904 3905 4014 
2276 2286 2290 2297 2298 2344 2348 2349 2350 2351 2639 2641 2644 3197 3204 3207 3210 3214 3219 3257 3258 3259 3260 3262 4024 4037 4041 4071 4072 4073 4074 4075 
1198 1200 1206 1210 1248 1250 1251 1256 1257 1258 1886 1888 1892 1899 1945 1946 1947 1952 1957 1958 1960 1966 2018 3246 3288 
92 94 95 102 113 158 162 163 2128 2130 2131 2140 2145 2149 2150 2199 2200 2201 
306 308 319 321 323 324 327 329 1537 1538 1539 1540 1545 1670 1672 
511 514 516 517 519 521 530 572 573 1123 1125 1141 1144 1185 1187 1188 1501 3354 3359 3365 3367 3411 3413 3429 3431 3432 3482 3724 3725 3727 
1397 1404 1407 1408 1412 1419 1420 1421 1425 1426 1909 1912 1914 1977 1979 1981 1982 1983 1985 
280 283 284 290 291 292 295 359 361 362 436 442 485 486 487 490 492 495 496 497 499 542 546 547 
3496 3497 3499 3553 3554 3567 3569 3570 3571 3572 3638 3647 3648 3653 3656 3666 3693 3737 
33 38 39 43 44 62 63 64 82 84 89 98 103 104 109 110 111 112 114 
301 302 303 304 314 320 353 354 355 365 379 383 392 397 398 438 439 
926 927 928 929 930 931 961 963 974 975 976 2466 2467 2471 2472 2473 2475 2477 2480 2493 2495 
1999 2065 3112 3117 3155 3156 3158 3160 3162 3169 3171 3172 3173 3175 3176 3179 
414 416 3405 3409 3410 3414 3416 3418 3421 3461 3465 3468 3471 3474 3478 3480 3531 3535 3536 3537 3600 
3320 3321 3322 3326 3327 3897 3907 3942 3982 3986 3989 3991 3995 3997 4006 4007 4008 4009 4010 4049 
2401 2402 2403 2408 2420 2421 2424 2425 2430 2431 2432 3872 3878 3948 3949 3950 3951 3966 3978 
136 138 148 151 192 193 199 202 208 749 750 753 815 2191 2192 2194 2205 2207 2265 
3319 3323 3324 3391 3396 3845 3846 3898 3908 3911 3914 3919 3920 
3 12 13 17 26 34 2789 2809 2854 2861 2865 2866 2870 
3089 3090 3091 3100 3142 3147 3149 3151 3154 4063 4064 4065 4076 4079 4082 4087 4088 4089 4092 
182 195 214 220 722 726 728 733 734 736 737 738 739 742 745 799 800 802 
2783 2785 2834 2838 2848 2851 2853 2995 2999 3000 3001 3004 3066 
2040 2041 2043 2044 2068 2070 3019 3020 3021 3025 3026 3032 3108 3109 3110 3111 
1618 1619 1620 1624 1625 1627 1629 1679 1680 1681 1685 1686 1687 1689 1690 1692 1698 1786 1798 1799 1800 1801 1838 1849 1850 1851 1852 1916 1918 1919 1921 
2383 2389 2444 2449 2451 2453 2501 2504 2505 2506 2508 2509 2514 2562 2565 2566 2567 2575 2576 2577 2579 2580 2583 2586 2627 2628 2629 2633 2634 2635 4028 4034 
375 380 381 386 388 391 1643 1644 1645 1646 1647 1654 1659 1660 1715 1718 1721 1722 1723 1725 1726 
1869 1870 1871 1872 1874 1875 1876 3271 3272 3275 3279 3280 3281 3284 3291 3292 3293 3297 3340 3343 3346 
1695 1700 1702 1745 1749 1750 1752 1754 1755 1757 1758 1764 1766 1783 1784 1787 1788 1789 1805 
1003 1005 1006 1062 1063 1064 1069 3745 3749 3752 3755 3758 3765 3766 3767 3827 3828 3829 3832 3833 
3444 3446 3448 3450 3451 3452 3455 3459 3492 3503 3511 3513 3515 3521 3796 
2636 2637 2643 2713 2714 2715 3073 3075 4062 4077 4078 4108 4109 4110 
1074 1078 1084 1117 1118 1121 3376 3377 3378 3761 3762 3764 3786 3824 3825 3826 3847 3850 3903 
2837 2895 2896 2898 2899 2900 2915 2916 2921 2922 2923 2927 2984 2986 2988 2989 2993 2997 3040 3041 3042 3046 3047 3048 
2385 2386 2387 2390 2393 2406 2407 2411 2423 3970 3975 3984 3992 3998 4004 4029 4031 
3163 3167 3170 3215 3216 3217 3221 3222 3223 3226 3230 3256 3270 3273 4053 4054 4055 4056 4105 4106 
1927 1928 1931 1935 1937 1938 1940 1976 1978 1980 1997 2000 2045 2046 2047 2048 2049 
1414 1418 1422 1423 1428 1429 1431 1432 1440 1441 1442 1604 1607 1615 1616 1621 1626 
916 917 918 970 971 972 978 1018 1020 2446 2448 2457 2458 2462 2463 2468 2470 2474 2484 2485 2490 2563 
1279 1332 1333 1334 1335 2022 2027 2029 2076 2083 2084 2085 2087 2090 2091 2108 
1019 1021 1022 1026 1031 1034 1091 1093 2374 2378 2382 2395 2396 2397 2398 2399 2454 2572 
330 331 1570 1572 1580 1601 1602 1605 1606 1608 1610 1611 1663 1666 1667 
274 543 544 545 548 550 598 601 605 606 607 608 611 612 
2391 2510 2512 2568 2585 2642 3993 3994 3999 4000 4033 
2228 2231 2282 2760 2766 2771 2843 2845 3063 3074 3076 3077 3122 3123 3124 3132 3135 3137 3140 3144 3146 3198 3206 
241 245 1290 1297 1298 1299 1363 1365 1473 1474 1475 1486 1487 1518 1520 1526 1529 1531 
448 460 461 465 477 509 513 518 1497 1498 1500 1502 1504 1506 1554 1561 1562 1593 1594 1595 1596 1737 1777 1778 1780 
68 69 71 72 73 83 122 128 141 146 147 149 817 826 828 829 832 2689 2691 

