   4     0.056
   5     0.031
   6     0.014
   7     0.016
   8     0.012
   9     0.009
  10     0.011
  11     0.009
  12     0.011
  13     0.009
  14     0.011
  15     0.011
  16     0.013
  17     0.011
  18     0.013
  19     0.012
  20     0.014
  21     0.016
  22     0.015
  23     0.015
  24     0.011
  25     0.010
  26     0.009
  27     0.008
  28     0.009
  29     0.009
  30     0.008
  31     0.010
  32     0.011
  33     0.013
  34     0.011
  35     0.014
  36     0.010
  37     0.020
  38     0.013
  39     0.019
  40     0.011
  41     0.009
  42     0.010
  43     0.010
  44     0.009
  45     0.010
  46     0.008
  47     0.009
  48     0.008
  49     0.008
  50     0.008
  51     0.008
  52     0.009
  53     0.008
  54     0.012
  55     0.009
  56     0.011
  57     0.008
  58     0.010
  59     0.008
  60     0.009
  61     0.008
  62     0.008
  63     0.007
  64     0.013
  65     0.009
  66     0.015
  67     0.017
  68     0.102
  69     0.041
  70     0.113
  71     0.032
  72     0.026
  73     0.012
  74     0.014
  75     0.015
  76     0.011
  77     0.011
  78     0.012
  79     0.012
  80     0.013
  81     0.018
  82     0.014
  83     0.015
  84     0.011
  85     0.007
  86     0.008
  87     0.009
  88     0.010
  89     0.008
  90     0.011
  91     0.007
  92     0.010
  93     0.008
  94     0.008
  95     0.008
  96     0.008
  97     0.008
  98     0.008
  99     0.008
 100     0.009
 101     0.008
 102     0.010
 103     0.009
 104     0.010
 105     0.013
 106     0.012
 107     0.014
 108     0.016
 109     0.016
 110     0.034
 111     0.041
 112     0.072
 113     0.041
 114     0.118
 115     0.061
 116     0.102
 117     0.073
 118     0.037
 119     0.028
 120     0.011
 121     0.011
 122     0.009
 123     0.011
 124     0.009
 125     0.010
 126     0.008
 127     0.010
 128     0.010
 129     0.009
 130     0.011
 131     0.008
 132     0.009
 133     0.010
 134     0.011
 135     0.011
 136     0.011
 137     0.013
 138     0.008
 139     0.012
 140     0.015
 141     0.036
 142     0.021
 143     0.038
 144     0.022
 145     0.036
 146     0.089
 147     0.048
 148     0.116
 149     0.066
 150     0.091
 151     0.083
 152     0.080
 153     0.046
 154     0.038
 155     0.020
 156     0.022
 157     0.037
 158     0.025
 159     0.037
 160     0.027
 161     0.013
 162     0.025
 163     0.013
 164     0.035
 165     0.025
 166     0.034
 167     0.029
 168     0.022
 169     0.037
 170     0.024
 171     0.037
 172     0.021
 173     0.020
 174     0.012
 175     0.014
 176     0.011
 177     0.012
 178     0.013
 179     0.016
 180     0.019
 181     0.022
 182     0.029
 183     0.027
 184     0.024
 185     0.031
 186     0.014
 187     0.023
 188     0.011
 189     0.011
 190     0.008
 191     0.010
 192     0.009
 193     0.012
 194     0.008
 195     0.012
 196     0.009
 197     0.010
 198     0.028
 199     0.013
 200     0.028
 201     0.016
 202     0.010
 203     0.014
 204     0.011
 205     0.011
 206     0.011
 207     0.011
 208     0.012
 209     0.017
 210     0.015
 211     0.022
 212     0.025
 213     0.033
 214     0.072
 215     0.051
 216     0.100
 217     0.099
 218     0.060
 219     0.083
 220     0.026
 221     0.024
 222     0.016
 223     0.018
 224     0.013
 225     0.011
 226     0.012
 227     0.011
 228     0.010
 229     0.011
 230     0.008
 231     0.010
 232     0.008
 233     0.010
 234     0.009
 235     0.009
 236     0.010
 237     0.008
 238     0.012
 239     0.010
 240     0.011
 241     0.011
 242     0.010
 243     0.010
 244     0.013
 245     0.011
 246     0.015
 247     0.012
 248     0.011
 249     0.011
 250     0.012
 251     0.010
 252     0.013
 253     0.011
 254     0.012
 255     0.010
 256     0.016
 257     0.013
 258     0.024
 259     0.022
 260     0.041
 261     0.026
 262     0.048
 263     0.027
 264     0.038
 265     0.024
 266     0.023
 267     0.013
 268     0.012
 269     0.010
 270     0.009
 271     0.010
 272     0.008
 273     0.010
 274     0.009
 275     0.010
 276     0.010
 277     0.010
 278     0.020
 279     0.012
 280     0.021
 281     0.018
 282     0.021
 283     0.019
 284     0.018
 285     0.013
 286     0.009
 287     0.010
 288     0.011
 289     0.018
 290     0.019
 291     0.041
 292     0.020
 293     0.033
 294     0.012
 295     0.009
 296     0.011
 297     0.009
 298     0.010
 299     0.009
 300     0.009
 301     0.012
 302     0.015
