59
2281 2324 2325 2326 2329 2331 2343 2344 2345 2402 2406 2413 2414 2419 2441 
1644 1645 1646 1662 1665 1670 3159 3167 3238 3239 3241 3242 3387 3390 3445 3451 3455 
596 597 598 599 600 601 602 626 627 628 629 630 632 644 645 646 699 700 1467 1472 1533 1537 1653 1706 1707 1708 1721 1723 1724 1726 1768 1769 1770 1771 3429 3433 3434 3439 3481 3488 3489 3490 3492 3493 3494 3506 3509 3510 3549 3550 3551 3552 3553 3555 3592 3593 3594 3597 3599 3602 3605 3643 3645 3650 4445 4447 4448 4449 4515 4519 4523 4524 4581 
737 740 744 748 752 778 779 781 782 786 790 791 792 843 844 845 846 894 895 896 897 900 939 940 951 952 954 957 958 959 961 1004 1006 1010 1011 1012 1190 1199 1203 1204 1205 1208 1209 1227 1241 1242 1246 1247 1248 1249 1250 1251 1252 1253 1254 1256 1271 1272 1297 1298 1309 1310 1311 1313 1314 1316 1355 1356 1420 1426 2496 2500 2504 2505 2507 2508 2509 2510 2511 2512 2513 2514 2515 2516 2520 2521 2522 2523 2528 2530 2531 2545 2549 2560 2561 2565 2568 2571 2572 2575 2588 2589 2590 2593 2595 2600 2601 2602 2604 2647 2648 2649 2650 2652 2653 2655 2656 3646 3647 3656 3698 3701 3702 3703 3704 3706 3747 3748 3756 3758 3760 3761 3762 3763 3764 3765 3767 3774 3776 3816 3818 3821 3823 3824 3825 3826 3837 3839 3840 3841 3873 3874 3887 3890 3891 3892 3893 3894 3895 3936 3939 4046 4058 4059 4064 4154 4155 4156 4157 4158 4214 4218 4222 4268 4269 4270 4271 4272 4275 4287 4288 4289 4290 4291 4314 4315 4316 4317 4318 4319 4320 4321 4322 4325 4329 4372 4373 4374 4375 
611 615 617 619 683 684 685 686 1451 1454 1457 1492 1494 1495 1506 1509 1511 1515 1568 1571 1578 1579 1713 1761 1763 1766 1767 1775 1781 1815 1816 1817 1818 1868 1873 1874 1875 1876 
2862 2872 2874 2919 2921 2923 2928 2930 2932 2933 2935 2940 2941 2976 2977 2978 2979 2987 2989 2990 3612 3616 3661 3662 3664 3665 3666 3667 3670 3719 
3080 3113 3115 3117 3118 3120 3121 3122 3129 3132 3137 3138 3142 3143 3148 3149 3202 3203 3205 
280 290 292 344 345 389 390 4336 4340 4348 4384 4386 4387 4388 4391 4392 4396 4401 4402 4403 4404 4405 4406 4407 4408 4459 4655 4656 4657 4658 
3058 3061 3063 3064 3074 3101 3102 3105 3110 3179 3182 3521 3522 3579 3581 3582 3585 
14 16 17 25 69 76 109 110 111 120 4090 4097 4177 4178 4179 
1332 1367 1368 1386 1389 1391 1392 1393 1394 1444 2052 2790 2846 2847 2848 2851 
43 48 49 2301 2319 2355 2356 2357 2360 2361 2362 2365 2367 2373 2489 2494 
826 1231 1232 1233 1234 1281 1283 1285 1288 1300 1306 1307 1956 2020 2021 2022 2023 
679 680 681 682 730 731 1341 1345 1348 1385 1397 1398 1399 1402 1406 1452 1453 1869 1882 1886 1890 1931 1932 1933 1934 1936 1938 1945 1946 1948 
3308 3312 3313 3335 3336 3338 3340 3342 3343 3348 3358 3362 3370 3371 3376 3377 
325 328 336 338 340 367 369 370 383 388 393 442 444 
1545 1550 1552 1554 1555 1562 1599 1618 3020 3026 3032 3035 3039 3047 3089 3090 3091 3092 
144 191 203 208 211 252 253 255 909 923 926 931 977 978 979 980 
1263 1269 1329 1333 1335 2044 2045 2046 2056 2060 2634 2705 2707 2719 2721 2724 2784 2785 2786 2787 
2209 2215 2259 2265 2309 2328 2330 2445 2447 2448 2450 2458 2459 2463 2467 2541 2554 2556 2557 
3803 3804 3805 3880 3881 4133 4134 4135 4137 4143 4187 4188 4199 4201 4203 4204 4208 4260 4261 
33 37 80 82 84 85 131 133 148 151 973 982 1020 1021 1022 1025 1026 1027 1030 1037 
1442 1443 1445 1481 1483 1484 1498 1503 2902 2916 2922 2961 2965 2966 2968 2969 
1659 1664 1668 3363 3364 3365 3369 3372 3373 3374 3379 3380 3381 3384 3431 3436 
3173 3176 3184 3185 3188 3233 3234 3250 3255 3256 3257 3397 3399 3404 3405 3410 3411 3471 
504 515 516 520 522 524 525 526 4563 4619 4636 4693 4697 4699 4702 
3917 3918 3919 3920 3932 3938 3942 3992 4004 4006 4024 4028 4039 4043 4055 
2031 2037 2069 2070 2081 2082 2086 2116 2136 2138 2141 2143 2144 
4535 4536 4540 4541 4546 4547 4595 4599 4600 4610 4613 4615 4621 4672 4673 4677 4678 
2741 2800 2810 2816 2818 2819 2861 2865 2866 2867 3716 3720 3722 3770 3771 3772 3773 3782 3787 
2666 2686 2688 3901 3904 3908 3949 3950 3957 3959 3960 3961 3963 3966 3968 3980 
3540 3542 3543 4507 4511 4516 4527 4528 4532 4533 
1171 1172 1173 1174 1230 1284 1287 2016 2018 2019 2076 2078 
177 178 180 182 188 193 195 196 242 243 244 245 4233 4237 4239 4240 4242 4243 4281 4282 
1666 3231 3237 3244 3280 3281 3282 3283 3301 3305 3316 3322 3323 3324 3327 
3104 3175 3181 3186 3414 3448 3453 3454 3456 3462 3464 3470 3520 3526 
1045 1048 1066 2372 2374 2375 2461 2465 2466 2468 2477 2486 2490 2493 
1074 1076 1078 1080 1081 1086 1088 1089 1094 2428 2431 2435 2436 2437 2443 2454 2457 
4667 4669 4674 4675 4680 4681 4683 4685 4687 4688 4690 4694 4696 4754 4758 4760 4764 4768 4778 4779 4780 
464 465 466 467 578 581 583 593 605 641 642 648 649 650 653 657 658 660 662 665 666 667 719 
2201 2202 2228 2229 2234 2253 2257 2266 2284 2287 2535 2540 
1087 1091 1096 1098 1099 1101 1103 1136 1137 1138 1139 2267 2268 2269 2270 2273 2424 2452 2453 2455 2471 2550 2552 2553 
2758 2760 2761 2762 2763 2764 2811 2812 2813 2824 2825 2826 2829 2837 2838 2880 2889 2890 
3571 3588 3591 3595 3596 3627 3632 3633 3634 4419 4420 4421 4489 4492 4494 4495 4496 
2664 2674 2684 2745 2747 2755 2766 2767 3905 3976 3978 
4410 4412 4458 4460 4461 4462 4463 4466 4468 4481 4597 4602 4603 
3479 3482 3484 3497 3535 3536 3537 4497 4498 4503 4504 4513 4522 
3868 3872 3876 3915 3916 3924 3925 3926 4025 4026 4057 4061 4069 4070 4071 4138 4139 4140 4141 
1105 1111 1115 1119 1121 1122 1155 1157 1158 2110 2114 2120 2121 2127 2150 2184 2187 2189 
1610 1614 1619 1620 1641 1642 1643 3094 3134 3135 3139 3140 3141 3158 3164 3217 3219 
3680 3682 3692 3731 3739 3749 4256 4303 4311 4354 4357 4362 
2981 2983 3043 3045 3065 3067 3068 3069 3070 3560 3562 3563 3564 3565 3566 3569 3573 3574 3575 3613 3614 3615 
434 435 438 509 511 512 514 4706 4710 4716 4718 4725 4772 4776 4777 
1747 1751 1755 1773 1777 1783 1820 1822 1824 1825 1826 
251 257 297 298 300 303 305 306 308 359 794 798 838 841 849 851 852 853 915 917 4326 4327 4328 
3 1009 1014 1015 1019 2481 2484 2492 2497 2498 2502 2503 2529 
3295 3296 3297 3299 3302 3303 3320 3345 3351 3395 3396 3402 3403 3408 
106 114 118 124 174 176 181 4167 4180 4182 4185 4190 4196 4198 4241 
61 63 64 67 74 4087 4088 4101 4102 4104 4107 4110 4170 4172 

