   4     0.153
   5     0.186
   6     0.162
   7     0.166
   8     0.091
   9     0.083
  10     0.034
  11     0.024
  12     0.016
  13     0.024
  14     0.022
  15     0.016
  16     0.020
  17     0.018
  18     0.013
  19     0.016
  20     0.017
  21     0.029
  22     0.021
  23     0.040
  24     0.039
  25     0.056
  26     0.052
  27     0.063
  28     0.036
  29     0.027
  30     0.016
  31     0.019
  32     0.005
  33     0.020
  34     0.011
  35     0.017
  36     0.030
  37     0.063
  38     0.037
  39     0.075
  40     0.023
  41     0.043
  42     0.022
  43     0.031
  44     0.024
  45     0.011
  46     0.016
  47     0.013
  48     0.018
  49     0.029
  50     0.078
  51     0.057
  52     0.154
  53     0.114
  54     0.197
  55     0.098
  56     0.176
  57     0.116
  58     0.105
  59     0.198
  60     0.065
  61     0.127
  62     0.041
  63     0.046
  64     0.043
  65     0.059
  66     0.048
  67     0.055
  68     0.042
  69     0.035
  70     0.037
  71     0.050
  72     0.036
  73     0.079
  74     0.041
  75     0.048
  76     0.030
  77     0.010
  78     0.015
  79     0.013
  80     0.025
  81     0.028
  82     0.021
  83     0.025
  84     0.007
  85     0.014
  86     0.024
  87     0.018
  88     0.027
  89     0.018
  90     0.022
  91     0.016
  92     0.049
  93     0.010
  94     0.044
  95     0.012
  96     0.035
  97     0.016
  98     0.041
  99     0.012
 100     0.020
 101     0.010
 102     0.010
 103     0.009
 104     0.010
 105     0.010
 106     0.016
 107     0.020
 108     0.022
 109     0.031
 110     0.018
 111     0.037
 112     0.019
 113     0.041
 114     0.023
 115     0.028
 116     0.021
 117     0.014
 118     0.016
 119     0.012
 120     0.010
 121     0.009
 122     0.009
 123     0.008
 124     0.008
 125     0.008
 126     0.009
 127     0.008
 128     0.010
 129     0.008
 130     0.009
 131     0.009
 132     0.009
 133     0.011
 134     0.011
 135     0.014
 136     0.019
 137     0.021
 138     0.024
 139     0.017
 140     0.017
 141     0.011
 142     0.008
 143     0.013
 144     0.006
 145     0.011
 146     0.010
 147     0.009
 148     0.015
 149     0.013
 150     0.012
 151     0.015
 152     0.011
 153     0.015
 154     0.011
 155     0.012
 156     0.012
 157     0.009
 158     0.017
 159     0.017
 160     0.015
 161     0.038
 162     0.013
 163     0.050
 164     0.026
 165     0.040
 166     0.036
 167     0.028
 168     0.029
 169     0.069
 170     0.028
 171     0.066
 172     0.030
 173     0.030
 174     0.053
 175     0.111
 176     0.119
 177     0.168
 178     0.152
 179     0.118
 180     0.107
 181     0.051
 182     0.044
 183     0.021
 184     0.016
 185     0.016
 186     0.010
 187     0.011
 188     0.010
 189     0.012
 190     0.015
 191     0.021
 192     0.016
 193     0.028
 194     0.022
 195     0.019
 196     0.020
 197     0.034
 198     0.023
 199     0.035
 200     0.021
 201     0.008
 202     0.006
 203     0.008
 204     0.006
 205     0.008
 206     0.007
 207     0.007
 208     0.008
 209     0.007
 210     0.009
 211     0.009
 212     0.012
 213     0.012
 214     0.017
 215     0.017
 216     0.018
 217     0.017
 218     0.016
 219     0.026
 220     0.015
 221     0.036
 222     0.015
 223     0.026
 224     0.014
 225     0.023
 226     0.021
 227     0.018
 228     0.028
 229     0.013
 230     0.019
 231     0.014
 232     0.019
 233     0.021
 234     0.020
 235     0.018
 236     0.016
 237     0.007
 238     0.014
 239     0.017
 240     0.012
 241     0.026
 242     0.011
 243     0.021
 244     0.011
 245     0.013
 246     0.012
 247     0.012
 248     0.010
 249     0.011
 250     0.010
 251     0.009
 252     0.010
 253     0.010
 254     0.010
 255     0.014
 256     0.018
 257     0.031
 258     0.020
 259     0.029
 260     0.019
 261     0.016
 262     0.018
 263     0.017
 264     0.014
 265     0.011
 266     0.013
 267     0.010
 268     0.011
 269     0.012
 270     0.011
 271     0.010
 272     0.010
 273     0.010
 274     0.013
 275     0.010
 276     0.016
 277     0.015
 278     0.015
 279     0.014
 280     0.015
 281     0.011
 282     0.025
 283     0.021
 284     0.041
 285     0.057
 286     0.179
