1 1 47.757
1 2 0.000
1 3 1.150
1 4 0.000
1 5 0.000
1 6 0.166
1 7 20.088
1 8 0.590
1 9 0.000
1 10 1.510
1 11 0.042
1 12 1.202
1 13 0.000
1 14 0.000
1 15 0.040
1 16 0.236
1 17 0.028
1 18 0.000
1 19 0.000
1 20 0.004
1 21 0.404
1 22 0.014
1 23 0.000
1 24 0.000
1 25 0.148
1 26 1.096
1 27 0.000
1 28 0.078
1 29 0.000
1 30 0.680
1 31 0.004
1 32 0.000
1 33 0.088
1 34 8.206
1 35 0.000
1 36 0.028
1 37 6.292
1 38 1.708
1 39 0.000
1 40 1.930
1 41 0.000
1 42 0.000
1 43 0.034
1 44 12.024
1 45 0.060
1 46 0.006
1 47 1.470
1 48 0.000
1 49 0.188
1 50 0.248
1 51 0.052
1 52 1.032
1 53 1.314
1 54 0.000
1 55 0.008
1 56 0.000
1 57 22.578
1 58 0.086
1 59 0.000
1 60 0.000


2 1 0.002
2 2 0.452
2 3 0.002
2 4 0.000
2 5 0.000
2 6 0.000
2 7 0.000
2 8 0.000
2 9 0.000
2 10 0.000
2 11 0.000
2 12 0.000
2 13 0.016
2 14 0.000
2 15 0.018
2 16 0.000
2 17 0.000
2 18 0.000
2 19 0.000
2 20 0.000
2 21 0.000
2 22 0.000
2 23 0.000
2 24 0.000
2 25 0.000
2 26 0.000
2 27 0.000
2 28 0.000
2 29 0.000
2 30 0.000
2 31 0.118
2 32 0.000
2 33 0.000
2 34 0.000
2 35 0.000
2 36 0.004
2 37 0.000
2 38 0.000
2 39 0.000
2 40 0.000
2 41 0.000
2 42 0.000
2 43 0.000
2 44 0.000
2 45 0.000
2 46 0.306
2 47 0.000
2 48 0.000
2 49 0.000
2 50 0.000
2 51 0.000
2 52 0.000
2 53 0.000
2 54 0.000
2 55 0.000
2 56 0.000
2 57 0.000
2 58 0.000
2 59 0.002
2 60 0.000


3 1 0.900
3 2 0.002
3 3 5.428
3 4 0.000
3 5 0.000
3 6 0.306
3 7 0.010
3 8 0.000
3 9 0.000
3 10 1.602
3 11 0.000
3 12 0.000
3 13 0.000
3 14 0.000
3 15 1.812
3 16 0.000
3 17 0.000
3 18 0.000
3 19 0.000
3 20 0.000
3 21 0.620
3 22 0.000
3 23 0.000
3 24 0.000
3 25 0.000
3 26 0.030
3 27 0.000
3 28 0.002
3 29 0.000
3 30 0.590
3 31 0.204
3 32 0.000
3 33 0.000
3 34 0.002
3 35 0.000
3 36 0.916
3 37 0.014
3 38 0.014
3 39 0.000
3 40 0.012
3 41 0.000
3 42 0.000
3 43 0.002
3 44 1.106
3 45 0.000
3 46 0.000
3 47 0.190
3 48 0.000
3 49 0.020
3 50 0.402
3 51 0.180
3 52 0.000
3 53 0.450
3 54 0.000
3 55 0.000
3 56 0.000
3 57 0.712
3 58 0.000
3 59 0.000
3 60 0.000


4 1 0.000
4 2 0.000
4 3 0.000
4 4 0.800
4 5 0.000
4 6 0.000
4 7 0.000
4 8 0.000
4 9 0.092
4 10 0.000
4 11 0.000
4 12 0.006
4 13 0.000
4 14 0.012
4 15 0.000
4 16 0.000
4 17 0.000
4 18 0.000
4 19 0.000
4 20 0.000
4 21 0.000
4 22 0.000
4 23 0.034
4 24 0.000
4 25 0.000
4 26 0.000
4 27 0.430
4 28 0.000
4 29 0.000
4 30 0.000
4 31 0.000
4 32 0.272
4 33 0.000
4 34 0.000
4 35 0.008
4 36 0.000
4 37 0.000
4 38 0.000
4 39 0.002
4 40 0.000
4 41 0.000
4 42 0.000
4 43 0.000
4 44 0.000
4 45 0.000
4 46 0.000
4 47 0.000
4 48 0.000
4 49 0.000
4 50 0.000
4 51 0.000
4 52 0.000
4 53 0.000
4 54 0.000
4 55 0.000
4 56 0.000
4 57 0.000
4 58 0.000
4 59 0.000
4 60 0.000


5 1 0.000
5 2 0.000
5 3 0.000
5 4 0.000
5 5 0.096
5 6 0.000
5 7 0.000
5 8 0.000
5 9 0.000
5 10 0.000
5 11 0.000
5 12 0.000
5 13 0.000
5 14 0.000
5 15 0.000
5 16 0.000
5 17 0.000
5 18 0.000
5 19 0.000
5 20 0.000
5 21 0.000
5 22 0.000
5 23 0.000
5 24 0.088
5 25 0.000
5 26 0.000
5 27 0.000
5 28 0.000
5 29 0.000
5 30 0.000
5 31 0.000
5 32 0.000
5 33 0.000
5 34 0.000
5 35 0.000
5 36 0.000
5 37 0.000
5 38 0.000
5 39 0.000
5 40 0.000
5 41 0.000
5 42 0.000
5 43 0.000
5 44 0.000
5 45 0.000
5 46 0.000
5 47 0.000
5 48 0.004
5 49 0.000
5 50 0.000
5 51 0.000
5 52 0.000
5 53 0.000
5 54 0.000
5 55 0.000
5 56 0.000
5 57 0.000
5 58 0.000
5 59 0.000
5 60 0.000


6 1 0.100
6 2 0.000
6 3 0.222
6 4 0.000
6 5 0.000
6 6 1.582
6 7 0.000
6 8 0.000
6 9 0.000
6 10 0.198
6 11 0.004
6 12 0.000
6 13 0.000
6 14 0.000
6 15 0.134
6 16 0.006
6 17 0.000
6 18 0.000
6 19 0.000
6 20 0.004
6 21 0.204
6 22 0.000
6 23 0.000
6 24 0.000
6 25 0.000
6 26 0.000
6 27 0.000
6 28 0.094
6 29 0.000
6 30 0.080
6 31 0.004
6 32 0.000
6 33 0.000
6 34 0.000
6 35 0.000
6 36 0.098
6 37 0.008
6 38 0.006
6 39 0.000
6 40 0.000
6 41 0.006
6 42 0.000
6 43 0.000
6 44 0.016
6 45 0.000
6 46 0.000
6 47 0.020
6 48 0.000
6 49 0.004
6 50 0.080
6 51 0.052
6 52 0.000
6 53 0.046
6 54 0.000
6 55 0.000
6 56 0.000
6 57 0.032
6 58 0.000
6 59 0.000
6 60 0.000


7 1 15.586
7 2 0.000
7 3 0.010
7 4 0.000
7 5 0.000
7 6 0.002
7 7 29.405
7 8 2.802
7 9 0.000
7 10 0.008
7 11 0.106
7 12 0.688
7 13 0.000
7 14 0.000
7 15 0.000
7 16 1.346
7 17 0.072
7 18 0.000
7 19 0.000
7 20 0.018
7 21 0.000
7 22 0.026
7 23 0.000
7 24 0.000
7 25 0.000
7 26 0.016
7 27 0.000
7 28 0.002
7 29 0.000
7 30 0.002
7 31 0.000
7 32 0.000
7 33 0.086
7 34 13.020
7 35 0.000
7 36 0.000
7 37 2.534
7 38 0.046
7 39 0.000
7 40 0.076
7 41 0.000
7 42 0.000
7 43 0.000
7 44 0.234
7 45 0.034
7 46 0.000
7 47 0.022
7 48 0.000
7 49 0.002
7 50 0.000
7 51 0.000
7 52 0.488
7 53 0.014
7 54 0.000
7 55 0.020
7 56 0.000
7 57 0.308
7 58 0.008
7 59 0.000
7 60 0.000


8 1 0.328
8 2 0.000
8 3 0.000
8 4 0.000
8 5 0.000
8 6 0.000
8 7 1.756
8 8 2.570
8 9 0.000
8 10 0.000
8 11 0.000
8 12 0.000
8 13 0.000
8 14 0.000
8 15 0.000
8 16 0.000
8 17 0.028
8 18 0.044
8 19 0.000
8 20 0.000
8 21 0.000
8 22 0.336
8 23 0.000
8 24 0.000
8 25 0.000
8 26 0.000
8 27 0.000
8 28 0.000
8 29 0.010
8 30 0.000
8 31 0.000
8 32 0.000
8 33 0.004
8 34 0.072
8 35 0.000
8 36 0.000
8 37 0.000
8 38 0.000
8 39 0.000
8 40 0.000
8 41 0.000
8 42 0.000
8 43 0.000
8 44 0.000
8 45 0.000
8 46 0.000
8 47 0.000
8 48 0.000
8 49 0.000
8 50 0.000
8 51 0.000
8 52 0.000
8 53 0.000
8 54 0.000
8 55 0.000
8 56 0.000
8 57 0.000
8 58 0.000
8 59 0.000
8 60 0.000


9 1 0.000
9 2 0.000
9 3 0.000
9 4 0.078
9 5 0.000
9 6 0.000
9 7 0.000
9 8 0.000
9 9 0.270
9 10 0.002
9 11 0.000
9 12 0.000
9 13 0.000
9 14 0.000
9 15 0.000
9 16 0.000
9 17 0.000
9 18 0.000
9 19 0.000
9 20 0.000
9 21 0.000
9 22 0.000
9 23 0.022
9 24 0.000
9 25 0.000
9 26 0.000
9 27 0.262
9 28 0.000
9 29 0.000
9 30 0.000
9 31 0.000
9 32 0.058
9 33 0.000
9 34 0.000
9 35 0.000
9 36 0.000
9 37 0.000
9 38 0.000
9 39 0.014
9 40 0.000
9 41 0.000
9 42 0.000
9 43 0.000
9 44 0.000
9 45 0.000
9 46 0.000
9 47 0.000
9 48 0.000
9 49 0.000
9 50 0.000
9 51 0.000
9 52 0.000
9 53 0.000
9 54 0.002
9 55 0.000
9 56 0.000
9 57 0.000
9 58 0.000
9 59 0.000
9 60 0.000


10 1 1.100
10 2 0.000
10 3 1.576
10 4 0.000
10 5 0.000
10 6 0.240
10 7 0.016
10 8 0.000
10 9 0.004
10 10 3.644
10 11 0.000
10 12 0.000
10 13 0.000
10 14 0.000
10 15 0.478
10 16 0.000
10 17 0.000
10 18 0.000
10 19 0.000
10 20 0.000
10 21 0.036
10 22 0.000
10 23 0.000
10 24 0.000
10 25 0.000
10 26 0.000
10 27 0.000
10 28 0.000
10 29 0.000
10 30 1.650
10 31 0.004
10 32 0.000
10 33 0.000
10 34 0.004
10 35 0.000
10 36 0.344
10 37 0.002
10 38 0.000
10 39 0.000
10 40 0.000
10 41 0.000
10 42 0.000
10 43 0.122
10 44 1.028
10 45 0.000
10 46 0.000
10 47 0.006
10 48 0.000
10 49 0.000
10 50 0.050
10 51 0.028
10 52 0.000
10 53 0.442
10 54 0.000
10 55 0.000
10 56 0.000
10 57 0.018
10 58 0.000
10 59 0.000
10 60 0.000


11 1 0.018
11 2 0.000
11 3 0.000
11 4 0.000
11 5 0.004
11 6 0.010
11 7 0.062
11 8 0.000
11 9 0.000
11 10 0.000
11 11 1.396
11 12 0.000
11 13 0.000
11 14 0.000
11 15 0.000
11 16 0.628
11 17 0.056
11 18 0.000
11 19 0.000
11 20 0.496
11 21 0.000
11 22 0.000
11 23 0.000
11 24 0.000
11 25 0.000
11 26 0.000
11 27 0.000
11 28 0.230
11 29 0.000
11 30 0.000
11 31 0.000
11 32 0.000
11 33 0.000
11 34 0.004
11 35 0.000
11 36 0.000
11 37 0.036
11 38 0.000
11 39 0.000
11 40 0.000
11 41 0.002
11 42 0.000
11 43 0.000
11 44 0.000
11 45 0.000
11 46 0.000
11 47 0.000
11 48 0.150
11 49 0.000
11 50 0.000
11 51 0.000
11 52 0.000
11 53 0.000
11 54 0.000
11 55 0.028
11 56 0.000
11 57 0.000
11 58 0.000
11 59 0.000
11 60 0.000


12 1 0.460
12 2 0.000
12 3 0.000
12 4 0.004
12 5 0.000
12 6 0.000
12 7 0.344
12 8 0.000
12 9 0.000
12 10 0.000
12 11 0.000
12 12 0.678
12 13 0.000
12 14 0.000
12 15 0.000
12 16 0.000
12 17 0.000
12 18 0.000
12 19 0.000
12 20 0.000
12 21 0.000
12 22 0.000
12 23 0.000
12 24 0.000
12 25 0.000
12 26 0.000
12 27 0.000
12 28 0.000
12 29 0.000
12 30 0.000
12 31 0.000
12 32 0.000
12 33 0.002
12 34 0.008
12 35 0.000
12 36 0.000
12 37 0.006
12 38 0.000
12 39 0.000
12 40 0.000
12 41 0.000
12 42 0.000
12 43 0.000
12 44 0.010
12 45 0.018
12 46 0.000
12 47 0.000
12 48 0.000
12 49 0.000
12 50 0.000
12 51 0.000
12 52 0.000
12 53 0.000
12 54 0.000
12 55 0.000
12 56 0.000
12 57 0.000
12 58 0.000
12 59 0.000
12 60 0.000


13 1 0.000
13 2 0.020
13 3 0.000
13 4 0.000
13 5 0.000
13 6 0.002
13 7 0.000
13 8 0.000
13 9 0.000
13 10 0.000
13 11 0.000
13 12 0.000
13 13 0.060
13 14 0.000
13 15 0.014
13 16 0.000
13 17 0.000
13 18 0.000
13 19 0.000
13 20 0.000
13 21 0.000
13 22 0.000
13 23 0.000
13 24 0.000
13 25 0.000
13 26 0.000
13 27 0.000
13 28 0.000
13 29 0.000
13 30 0.000
13 31 0.000
13 32 0.000
13 33 0.000
13 34 0.000
13 35 0.000
13 36 0.000
13 37 0.000
13 38 0.000
13 39 0.000
13 40 0.000
13 41 0.000
13 42 0.000
13 43 0.000
13 44 0.000
13 45 0.000
13 46 0.030
13 47 0.002
13 48 0.000
13 49 0.000
13 50 0.010
13 51 0.006
13 52 0.000
13 53 0.000
13 54 0.000
13 55 0.000
13 56 0.000
13 57 0.000
13 58 0.000
13 59 0.000
13 60 0.000


14 1 0.000
14 2 0.000
14 3 0.000
14 4 0.006
14 5 0.000
14 6 0.000
14 7 0.000
14 8 0.000
14 9 0.000
14 10 0.000
14 11 0.000
14 12 0.002
14 13 0.000
14 14 0.006
14 15 0.000
14 16 0.000
14 17 0.000
14 18 0.000
14 19 0.000
14 20 0.000
14 21 0.000
14 22 0.000
14 23 0.000
14 24 0.000
14 25 0.000
14 26 0.000
14 27 0.000
14 28 0.000
14 29 0.000
14 30 0.000
14 31 0.000
14 32 0.000
14 33 0.000
14 34 0.000
14 35 0.000
14 36 0.000
14 37 0.000
14 38 0.000
14 39 0.000
14 40 0.000
14 41 0.000
14 42 0.000
14 43 0.000
14 44 0.000
14 45 0.000
14 46 0.000
14 47 0.000
14 48 0.000
14 49 0.000
14 50 0.000
14 51 0.000
14 52 0.000
14 53 0.000
14 54 0.000
14 55 0.000
14 56 0.000
14 57 0.000
14 58 0.000
14 59 0.000
14 60 0.000


15 1 0.032
15 2 0.022
15 3 1.492
15 4 0.000
15 5 0.000
15 6 0.172
15 7 0.000
15 8 0.000
15 9 0.000
15 10 0.532
15 11 0.000
15 12 0.000
15 13 0.008
15 14 0.000
15 15 2.818
15 16 0.000
15 17 0.000
15 18 0.000
15 19 0.000
15 20 0.000
15 21 0.436
15 22 0.000
15 23 0.000
15 24 0.000
15 25 0.000
15 26 0.000
15 27 0.000
15 28 0.000
15 29 0.000
15 30 0.432
15 31 0.204
15 32 0.000
15 33 0.000
15 34 0.000
15 35 0.000
15 36 0.680
15 37 0.000
15 38 0.002
15 39 0.000
15 40 0.000
15 41 0.000
15 42 0.000
15 43 0.000
15 44 0.026
15 45 0.000
15 46 0.000
15 47 0.182
15 48 0.000
15 49 0.014
15 50 0.496
15 51 0.268
15 52 0.000
15 53 0.078
15 54 0.000
15 55 0.000
15 56 0.000
15 57 0.084
15 58 0.000
15 59 0.000
15 60 0.000


16 1 0.202
16 2 0.000
16 3 0.000
16 4 0.000
16 5 0.000
16 6 0.004
16 7 1.474
16 8 0.000
16 9 0.000
16 10 0.000
16 11 1.182
16 12 0.000
16 13 0.000
16 14 0.000
16 15 0.000
16 16 9.246
16 17 0.016
16 18 0.000
16 19 0.000
16 20 4.156
16 21 0.000
16 22 0.000
16 23 0.000
16 24 0.000
16 25 0.000
16 26 0.000
16 27 0.000
16 28 1.188
16 29 0.000
16 30 0.000
16 31 0.000
16 32 0.000
16 33 0.000
16 34 0.182
16 35 0.000
16 36 0.000
16 37 0.472
16 38 0.000
16 39 0.000
16 40 0.000
16 41 0.020
16 42 0.000
16 43 0.000
16 44 0.000
16 45 0.000
16 46 0.000
16 47 0.000
16 48 0.786
16 49 0.000
16 50 0.000
16 51 0.002
16 52 0.002
16 53 0.000
16 54 0.000
16 55 0.016
16 56 0.000
16 57 0.002
16 58 0.000
16 59 0.000
16 60 0.000


17 1 0.012
17 2 0.000
17 3 0.000
17 4 0.000
17 5 0.000
17 6 0.000
17 7 0.030
17 8 0.016
17 9 0.000
17 10 0.000
17 11 0.032
17 12 0.000
17 13 0.000
17 14 0.000
17 15 0.000
17 16 0.004
17 17 0.104
17 18 0.000
17 19 0.000
17 20 0.000
17 21 0.000
17 22 0.038
17 23 0.000
17 24 0.000
17 25 0.000
17 26 0.000
17 27 0.000
17 28 0.000
17 29 0.006
17 30 0.000
17 31 0.000
17 32 0.000
17 33 0.000
17 34 0.018
17 35 0.000
17 36 0.000
17 37 0.008
17 38 0.000
17 39 0.000
17 40 0.000
17 41 0.000
17 42 0.000
17 43 0.000
17 44 0.000
17 45 0.000
17 46 0.000
17 47 0.000
17 48 0.006
17 49 0.000
17 50 0.000
17 51 0.000
17 52 0.002
17 53 0.000
17 54 0.000
17 55 0.002
17 56 0.000
17 57 0.000
17 58 0.000
17 59 0.000
17 60 0.000


18 1 0.000
18 2 0.000
18 3 0.000
18 4 0.000
18 5 0.000
18 6 0.000
18 7 0.000
18 8 0.008
18 9 0.000
18 10 0.000
18 11 0.000
18 12 0.000
18 13 0.000
18 14 0.000
18 15 0.000
18 16 0.000
18 17 0.000
18 18 0.008
18 19 0.000
18 20 0.000
18 21 0.000
18 22 0.000
18 23 0.000
18 24 0.000
18 25 0.000
18 26 0.000
18 27 0.000
18 28 0.000
18 29 0.000
18 30 0.000
18 31 0.000
18 32 0.000
18 33 0.000
18 34 0.000
18 35 0.000
18 36 0.000
18 37 0.000
18 38 0.000
18 39 0.000
18 40 0.000
18 41 0.000
18 42 0.000
18 43 0.000
18 44 0.000
18 45 0.000
18 46 0.000
18 47 0.000
18 48 0.000
18 49 0.000
18 50 0.000
18 51 0.000
18 52 0.000
18 53 0.000
18 54 0.000
18 55 0.000
18 56 0.000
18 57 0.000
18 58 0.000
18 59 0.000
18 60 0.000


19 1 0.000
19 2 0.000
19 3 0.000
19 4 0.000
19 5 0.002
19 6 0.000
19 7 0.000
19 8 0.000
19 9 0.000
19 10 0.000
19 11 0.000
19 12 0.000
19 13 0.000
19 14 0.000
19 15 0.000
19 16 0.000
19 17 0.000
19 18 0.000
19 19 0.000
19 20 0.000
19 21 0.000
19 22 0.000
19 23 0.000
19 24 0.002
19 25 0.000
19 26 0.000
19 27 0.000
19 28 0.000
19 29 0.000
19 30 0.000
19 31 0.000
19 32 0.000
19 33 0.000
19 34 0.000
19 35 0.000
19 36 0.000
19 37 0.000
19 38 0.000
19 39 0.000
19 40 0.000
19 41 0.000
19 42 0.000
19 43 0.000
19 44 0.000
19 45 0.000
19 46 0.000
19 47 0.000
19 48 0.000
19 49 0.000
19 50 0.000
19 51 0.000
19 52 0.000
19 53 0.000
19 54 0.000
19 55 0.000
19 56 0.000
19 57 0.000
19 58 0.000
19 59 0.000
19 60 0.000


20 1 0.006
20 2 0.000
20 3 0.000
20 4 0.000
20 5 0.002
20 6 0.000
20 7 0.032
20 8 0.000
20 9 0.000
20 10 0.000
20 11 0.560
20 12 0.000
20 13 0.000
20 14 0.000
20 15 0.000
20 16 1.968
20 17 0.006
20 18 0.000
20 19 0.000
20 20 1.570
20 21 0.000
20 22 0.000
20 23 0.000
20 24 0.000
20 25 0.000
20 26 0.000
20 27 0.000
20 28 0.174
20 29 0.000
20 30 0.000
20 31 0.000
20 32 0.000
20 33 0.000
20 34 0.000
20 35 0.000
20 36 0.000
20 37 0.008
20 38 0.000
20 39 0.000
20 40 0.000
20 41 0.010
20 42 0.000
20 43 0.000
20 44 0.000
20 45 0.000
20 46 0.000
20 47 0.000
20 48 0.342
20 49 0.000
20 50 0.000
20 51 0.000
20 52 0.000
20 53 0.000
20 54 0.000
20 55 0.004
20 56 0.000
20 57 0.000
20 58 0.000
20 59 0.000
20 60 0.000


21 1 0.214
21 2 0.000
21 3 0.308
21 4 0.000
21 5 0.000
21 6 0.174
21 7 0.000
21 8 0.000
21 9 0.000
21 10 0.020
21 11 0.000
21 12 0.000
21 13 0.000
21 14 0.000
21 15 0.246
21 16 0.000
21 17 0.000
21 18 0.000
21 19 0.000
21 20 0.000
21 21 0.696
21 22 0.000
21 23 0.000
21 24 0.000
21 25 0.000
21 26 0.002
21 27 0.000
21 28 0.016
21 29 0.000
21 30 0.006
21 31 0.000
21 32 0.000
21 33 0.000
21 34 0.002
21 35 0.000
21 36 0.020
21 37 0.012
21 38 0.000
21 39 0.000
21 40 0.002
21 41 0.000
21 42 0.000
21 43 0.000
21 44 0.008
21 45 0.000
21 46 0.000
21 47 0.070
21 48 0.000
21 49 0.008
21 50 0.180
21 51 0.090
21 52 0.000
21 53 0.030
21 54 0.000
21 55 0.000
21 56 0.000
21 57 0.226
21 58 0.000
21 59 0.000
21 60 0.000


22 1 0.004
22 2 0.000
22 3 0.000
22 4 0.000
22 5 0.000
22 6 0.000
22 7 0.018
22 8 0.246
22 9 0.000
22 10 0.000
22 11 0.000
22 12 0.000
22 13 0.000
22 14 0.000
22 15 0.000
22 16 0.000
22 17 0.090
22 18 0.000
22 19 0.000
22 20 0.000
22 21 0.000
22 22 0.406
22 23 0.000
22 24 0.000
22 25 0.000
22 26 0.000
22 27 0.000
22 28 0.000
22 29 0.018
22 30 0.000
22 31 0.000
22 32 0.000
22 33 0.004
22 34 0.088
22 35 0.000
22 36 0.000
22 37 0.000
22 38 0.000
22 39 0.000
22 40 0.000
22 41 0.000
22 42 0.000
22 43 0.000
22 44 0.000
22 45 0.000
22 46 0.000
22 47 0.000
22 48 0.000
22 49 0.000
22 50 0.000
22 51 0.000
22 52 0.016
22 53 0.000
22 54 0.000
22 55 0.000
22 56 0.000
22 57 0.000
22 58 0.000
22 59 0.000
22 60 0.000


23 1 0.000
23 2 0.000
23 3 0.000
23 4 0.024
23 5 0.000
23 6 0.000
23 7 0.000
23 8 0.000
23 9 0.022
23 10 0.000
23 11 0.000
23 12 0.000
23 13 0.000
23 14 0.000
23 15 0.000
23 16 0.000
23 17 0.000
23 18 0.000
23 19 0.000
23 20 0.000
23 21 0.000
23 22 0.000
23 23 0.026
23 24 0.000
23 25 0.000
23 26 0.000
23 27 0.054
23 28 0.000
23 29 0.000
23 30 0.000
23 31 0.000
23 32 0.028
23 33 0.000
23 34 0.000
23 35 0.000
23 36 0.000
23 37 0.000
23 38 0.000
23 39 0.000
23 40 0.000
23 41 0.000
23 42 0.000
23 43 0.000
23 44 0.000
23 45 0.000
23 46 0.000
23 47 0.000
23 48 0.000
23 49 0.000
23 50 0.000
23 51 0.000
23 52 0.000
23 53 0.000
23 54 0.000
23 55 0.000
23 56 0.000
23 57 0.000
23 58 0.000
23 59 0.000
23 60 0.000


24 1 0.000
24 2 0.000
24 3 0.000
24 4 0.000
24 5 0.068
24 6 0.000
24 7 0.000
24 8 0.000
24 9 0.000
24 10 0.000
24 11 0.000
24 12 0.000
24 13 0.000
24 14 0.000
24 15 0.000
24 16 0.000
24 17 0.000
24 18 0.000
24 19 0.000
24 20 0.000
24 21 0.000
24 22 0.000
24 23 0.000
24 24 0.086
24 25 0.000
24 26 0.000
24 27 0.000
24 28 0.000
24 29 0.000
24 30 0.000
24 31 0.000
24 32 0.000
24 33 0.000
24 34 0.000
24 35 0.000
24 36 0.000
24 37 0.000
24 38 0.000
24 39 0.000
24 40 0.000
24 41 0.000
24 42 0.000
24 43 0.000
24 44 0.000
24 45 0.000
24 46 0.000
24 47 0.000
24 48 0.000
24 49 0.000
24 50 0.000
24 51 0.000
24 52 0.000
24 53 0.000
24 54 0.026
24 55 0.000
24 56 0.000
24 57 0.000
24 58 0.000
24 59 0.000
24 60 0.000


25 1 0.014
25 2 0.000
25 3 0.000
25 4 0.000
25 5 0.000
25 6 0.000
25 7 0.000
25 8 0.000
25 9 0.000
25 10 0.002
25 11 0.000
25 12 0.002
25 13 0.000
25 14 0.000
25 15 0.000
25 16 0.000
25 17 0.000
25 18 0.000
25 19 0.000
25 20 0.000
25 21 0.000
25 22 0.000
25 23 0.000
25 24 0.000
25 25 0.014
25 26 0.000
25 27 0.000
25 28 0.000
25 29 0.000
25 30 0.002
25 31 0.000
25 32 0.000
25 33 0.000
25 34 0.000
25 35 0.000
25 36 0.000
25 37 0.000
25 38 0.000
25 39 0.000
25 40 0.000
25 41 0.000
25 42 0.000
25 43 0.000
25 44 0.010
25 45 0.000
25 46 0.000
25 47 0.000
25 48 0.000
25 49 0.000
25 50 0.000
25 51 0.000
25 52 0.000
25 53 0.000
25 54 0.000
25 55 0.000
25 56 0.000
25 57 0.000
25 58 0.000
25 59 0.000
25 60 0.000


26 1 0.526
26 2 0.000
26 3 0.020
26 4 0.000
26 5 0.000
26 6 0.002
26 7 0.018
26 8 0.000
26 9 0.000
26 10 0.000
26 11 0.000
26 12 0.000
26 13 0.002
26 14 0.000
26 15 0.000
26 16 0.000
26 17 0.000
26 18 0.000
26 19 0.000
26 20 0.000
26 21 0.002
26 22 0.000
26 23 0.000
26 24 0.000
26 25 0.000
26 26 0.776
26 27 0.000
26 28 0.002
26 29 0.000
26 30 0.000
26 31 0.000
26 32 0.000
26 33 0.000
26 34 0.016
26 35 0.000
26 36 0.000
26 37 0.032
26 38 0.300
26 39 0.000
26 40 0.140
26 41 0.000
26 42 0.000
26 43 0.000
26 44 0.070
26 45 0.000
26 46 0.010
26 47 0.112
26 48 0.000
26 49 0.094
26 50 0.008
26 51 0.002
26 52 0.020
26 53 0.028
26 54 0.000
26 55 0.000
26 56 0.000
26 57 0.572
26 58 0.002
26 59 0.000
26 60 0.000


27 1 0.000
27 2 0.000
27 3 0.000
27 4 0.412
27 5 0.000
27 6 0.000
27 7 0.000
27 8 0.000
27 9 0.460
27 10 0.000
27 11 0.000
27 12 0.000
27 13 0.000
27 14 0.002
27 15 0.000
27 16 0.000
27 17 0.000
27 18 0.000
27 19 0.000
27 20 0.000
27 21 0.000
27 22 0.000
27 23 0.058
27 24 0.000
27 25 0.006
27 26 0.000
27 27 0.926
27 28 0.000
27 29 0.000
27 30 0.000
27 31 0.000
27 32 0.138
27 33 0.000
27 34 0.000
27 35 0.000
27 36 0.000
27 37 0.000
27 38 0.000
27 39 0.008
27 40 0.000
27 41 0.000
27 42 0.000
27 43 0.000
27 44 0.000
27 45 0.000
27 46 0.000
27 47 0.000
27 48 0.000
27 49 0.000
27 50 0.000
27 51 0.000
27 52 0.000
27 53 0.000
27 54 0.000
27 55 0.000
27 56 0.000
27 57 0.000
27 58 0.000
27 59 0.000
27 60 0.000


28 1 0.044
28 2 0.000
28 3 0.000
28 4 0.000
28 5 0.000
28 6 0.062
28 7 0.004
28 8 0.000
28 9 0.000
28 10 0.000
28 11 0.134
28 12 0.000
28 13 0.000
28 14 0.000
28 15 0.000
28 16 0.426
28 17 0.000
28 18 0.000
28 19 0.000
28 20 0.168
28 21 0.006
28 22 0.000
28 23 0.000
28 24 0.000
28 25 0.000
28 26 0.002
28 27 0.000
28 28 0.340
28 29 0.000
28 30 0.000
28 31 0.000
28 32 0.000
28 33 0.000
28 34 0.000
28 35 0.000
28 36 0.004
28 37 0.064
28 38 0.006
28 39 0.000
28 40 0.000
28 41 0.004
28 42 0.000
28 43 0.000
28 44 0.000
28 45 0.000
28 46 0.000
28 47 0.008
28 48 0.022
28 49 0.000
28 50 0.018
28 51 0.000
28 52 0.000
28 53 0.000
28 54 0.000
28 55 0.002
28 56 0.000
28 57 0.024
28 58 0.000
28 59 0.000
28 60 0.000


29 1 0.000
29 2 0.000
29 3 0.000
29 4 0.000
29 5 0.000
29 6 0.000
29 7 0.000
29 8 0.004
29 9 0.000
29 10 0.000
29 11 0.000
29 12 0.000
29 13 0.000
29 14 0.000
29 15 0.000
29 16 0.000
29 17 0.004
29 18 0.000
29 19 0.000
29 20 0.000
29 21 0.000
29 22 0.000
29 23 0.000
29 24 0.000
29 25 0.000
29 26 0.000
29 27 0.000
29 28 0.000
29 29 0.000
29 30 0.000
29 31 0.000
29 32 0.000
29 33 0.000
29 34 0.000
29 35 0.000
29 36 0.000
29 37 0.000
29 38 0.000
29 39 0.000
29 40 0.000
29 41 0.000
29 42 0.000
29 43 0.000
29 44 0.000
29 45 0.000
29 46 0.000
29 47 0.000
29 48 0.000
29 49 0.000
29 50 0.000
29 51 0.000
29 52 0.000
29 53 0.000
29 54 0.000
29 55 0.000
29 56 0.000
29 57 0.000
29 58 0.000
29 59 0.000
29 60 0.000


30 1 0.242
30 2 0.002
30 3 0.524
30 4 0.000
30 5 0.000
30 6 0.086
30 7 0.000
30 8 0.000
30 9 0.000
30 10 1.196
30 11 0.000
30 12 0.000
30 13 0.000
30 14 0.000
30 15 0.362
30 16 0.000
30 17 0.000
30 18 0.000
30 19 0.000
30 20 0.000
30 21 0.006
30 22 0.000
30 23 0.000
30 24 0.000
30 25 0.000
30 26 0.000
30 27 0.000
30 28 0.000
30 29 0.000
30 30 1.804
30 31 0.002
30 32 0.000
30 33 0.000
30 34 0.000
30 35 0.000
30 36 0.228
30 37 0.000
30 38 0.000
30 39 0.000
30 40 0.000
30 41 0.000
30 42 0.000
30 43 0.016
30 44 0.502
30 45 0.000
30 46 0.000
30 47 0.000
30 48 0.000
30 49 0.000
30 50 0.034
30 51 0.014
30 52 0.000
30 53 0.224
30 54 0.000
30 55 0.000
30 56 0.000
30 57 0.000
30 58 0.000
30 59 0.000
30 60 0.000


31 1 0.004
31 2 0.154
31 3 0.076
31 4 0.000
31 5 0.000
31 6 0.002
31 7 0.000
31 8 0.000
31 9 0.000
31 10 0.006
31 11 0.000
31 12 0.000
31 13 0.004
31 14 0.000
31 15 0.120
31 16 0.000
31 17 0.000
31 18 0.000
31 19 0.000
31 20 0.000
31 21 0.002
31 22 0.000
31 23 0.000
31 24 0.000
31 25 0.000
31 26 0.000
31 27 0.000
31 28 0.000
31 29 0.000
31 30 0.000
31 31 0.198
31 32 0.000
31 33 0.000
31 34 0.000
31 35 0.000
31 36 0.036
31 37 0.000
31 38 0.000
31 39 0.000
31 40 0.000
31 41 0.000
31 42 0.000
31 43 0.000
31 44 0.018
31 45 0.000
31 46 0.000
31 47 0.004
31 48 0.000
31 49 0.000
31 50 0.002
31 51 0.006
31 52 0.000
31 53 0.000
31 54 0.000
31 55 0.000
31 56 0.000
31 57 0.000
31 58 0.000
31 59 0.000
31 60 0.000


32 1 0.000
32 2 0.000
32 3 0.000
32 4 0.152
32 5 0.000
32 6 0.000
32 7 0.000
32 8 0.000
32 9 0.050
32 10 0.000
32 11 0.000
32 12 0.000
32 13 0.000
32 14 0.000
32 15 0.000
32 16 0.000
32 17 0.000
32 18 0.000
32 19 0.000
32 20 0.000
32 21 0.000
32 22 0.000
32 23 0.026
32 24 0.000
32 25 0.000
32 26 0.000
32 27 0.082
32 28 0.000
32 29 0.000
32 30 0.000
32 31 0.000
32 32 0.186
32 33 0.000
32 34 0.000
32 35 0.000
32 36 0.000
32 37 0.000
32 38 0.000
32 39 0.002
32 40 0.000
32 41 0.000
32 42 0.000
32 43 0.000
32 44 0.000
32 45 0.000
32 46 0.000
32 47 0.000
32 48 0.000
32 49 0.000
32 50 0.000
32 51 0.000
32 52 0.000
32 53 0.000
32 54 0.000
32 55 0.000
32 56 0.000
32 57 0.000
32 58 0.000
32 59 0.000
32 60 0.000


33 1 0.016
33 2 0.000
33 3 0.000
33 4 0.000
33 5 0.000
33 6 0.000
33 7 0.016
33 8 0.004
33 9 0.000
33 10 0.000
33 11 0.000
33 12 0.000
33 13 0.000
33 14 0.000
33 15 0.000
33 16 0.000
33 17 0.000
33 18 0.000
33 19 0.000
33 20 0.000
33 21 0.000
33 22 0.002
33 23 0.000
33 24 0.000
33 25 0.000
33 26 0.000
33 27 0.000
33 28 0.000
33 29 0.000
33 30 0.000
33 31 0.000
33 32 0.000
33 33 0.042
33 34 0.030
33 35 0.000
33 36 0.000
33 37 0.000
33 38 0.000
33 39 0.000
33 40 0.000
33 41 0.000
33 42 0.000
33 43 0.000
33 44 0.000
33 45 0.000
33 46 0.000
33 47 0.000
33 48 0.000
33 49 0.000
33 50 0.000
33 51 0.000
33 52 0.004
33 53 0.000
33 54 0.000
33 55 0.000
33 56 0.000
33 57 0.000
33 58 0.000
33 59 0.000
33 60 0.000


34 1 4.944
34 2 0.000
34 3 0.004
34 4 0.000
34 5 0.000
34 6 0.002
34 7 11.292
34 8 0.112
34 9 0.000
34 10 0.002
34 11 0.000
34 12 0.012
34 13 0.000
34 14 0.000
34 15 0.000
34 16 0.158
34 17 0.018
34 18 0.000
34 19 0.000
34 20 0.004
34 21 0.000
34 22 0.190
34 23 0.000
34 24 0.000
34 25 0.000
34 26 0.010
34 27 0.000
34 28 0.002
34 29 0.000
34 30 0.000
34 31 0.000
34 32 0.000
34 33 0.112
34 34 15.176
34 35 0.000
34 36 0.000
34 37 1.930
34 38 0.078
34 39 0.000
34 40 0.020
34 41 0.000
34 42 0.000
34 43 0.000
34 44 0.010
34 45 0.000
34 46 0.000
34 47 0.008
34 48 0.000
34 49 0.004
34 50 0.000
34 51 0.000
34 52 0.428
34 53 0.016
34 54 0.000
34 55 0.014
34 56 0.000
34 57 0.298
34 58 0.024
34 59 0.000
34 60 0.000


35 1 0.000
35 2 0.000
35 3 0.000
35 4 0.000
35 5 0.000
35 6 0.000
35 7 0.000
35 8 0.000
35 9 0.000
35 10 0.000
35 11 0.000
35 12 0.002
35 13 0.000
35 14 0.002
35 15 0.000
35 16 0.000
35 17 0.000
35 18 0.000
35 19 0.000
35 20 0.000
35 21 0.000
35 22 0.000
35 23 0.000
35 24 0.000
35 25 0.000
35 26 0.000
35 27 0.000
35 28 0.000
35 29 0.000
35 30 0.000
35 31 0.000
35 32 0.002
35 33 0.000
35 34 0.000
35 35 0.002
35 36 0.000
35 37 0.000
35 38 0.000
35 39 0.000
35 40 0.000
35 41 0.000
35 42 0.000
35 43 0.000
35 44 0.000
35 45 0.000
35 46 0.000
35 47 0.000
35 48 0.000
35 49 0.000
35 50 0.000
35 51 0.000
35 52 0.000
35 53 0.000
35 54 0.000
35 55 0.000
35 56 0.000
35 57 0.000
35 58 0.000
35 59 0.000
35 60 0.000


36 1 0.022
36 2 0.006
36 3 0.668
36 4 0.000
36 5 0.000
36 6 0.064
36 7 0.000
36 8 0.000
36 9 0.000
36 10 0.392
36 11 0.000
36 12 0.000
36 13 0.000
36 14 0.000
36 15 0.556
36 16 0.000
36 17 0.000
36 18 0.000
36 19 0.000
36 20 0.000
36 21 0.048
36 22 0.000
36 23 0.000
36 24 0.000
36 25 0.000
36 26 0.000
36 27 0.000
36 28 0.006
36 29 0.000
36 30 0.252
36 31 0.068
36 32 0.000
36 33 0.000
36 34 0.000
36 35 0.000
36 36 0.690
36 37 0.002
36 38 0.000
36 39 0.000
36 40 0.000
36 41 0.000
36 42 0.000
36 43 0.000
36 44 0.064
36 45 0.000
36 46 0.000
36 47 0.022
36 48 0.000
36 49 0.000
36 50 0.074
36 51 0.032
36 52 0.000
36 53 0.064
36 54 0.000
36 55 0.000
36 56 0.000
36 57 0.016
36 58 0.000
36 59 0.000
36 60 0.000


37 1 4.324
37 2 0.000
37 3 0.006
37 4 0.000
37 5 0.000
37 6 0.020
37 7 2.354
37 8 0.000
37 9 0.000
37 10 0.000
37 11 0.036
37 12 0.004
37 13 0.000
37 14 0.000
37 15 0.000
37 16 0.336
37 17 0.002
37 18 0.000
37 19 0.000
37 20 0.002
37 21 0.028
37 22 0.000
37 23 0.000
37 24 0.000
37 25 0.000
37 26 0.028
37 27 0.000
37 28 0.090
37 29 0.000
37 30 0.000
37 31 0.000
37 32 0.000
37 33 0.000
37 34 2.074
37 35 0.000
37 36 0.002
37 37 4.410
37 38 0.082
37 39 0.000
37 40 0.010
37 41 0.000
37 42 0.000
37 43 0.000
37 44 0.070
37 45 0.000
37 46 0.000
37 47 0.074
37 48 0.000
37 49 0.010
37 50 0.002
37 51 0.000
37 52 0.100
37 53 0.016
37 54 0.000
37 55 0.000
37 56 0.000
37 57 3.236
37 58 0.008
37 59 0.000
37 60 0.000


38 1 0.780
38 2 0.000
38 3 0.010
38 4 0.000
38 5 0.000
38 6 0.006
38 7 0.042
38 8 0.000
38 9 0.000
38 10 0.000
38 11 0.000
38 12 0.000
38 13 0.000
38 14 0.000
38 15 0.000
38 16 0.000
38 17 0.000
38 18 0.000
38 19 0.000
38 20 0.000
38 21 0.010
38 22 0.000
38 23 0.000
38 24 0.000
38 25 0.000
38 26 0.240
38 27 0.000
38 28 0.002
38 29 0.000
38 30 0.000
38 31 0.000
38 32 0.000
38 33 0.000
38 34 0.068
38 35 0.000
38 36 0.000
38 37 0.082
38 38 1.150
38 39 0.000
38 40 0.146
38 41 0.000
38 42 0.000
38 43 0.000
38 44 0.018
38 45 0.000
38 46 0.000
38 47 0.088
38 48 0.000
38 49 0.082
38 50 0.000
38 51 0.004
38 52 0.020
38 53 0.006
38 54 0.000
38 55 0.000
38 56 0.000
38 57 0.906
38 58 0.012
38 59 0.000
38 60 0.000


39 1 0.000
39 2 0.000
39 3 0.000
39 4 0.000
39 5 0.000
39 6 0.000
39 7 0.000
39 8 0.000
39 9 0.004
39 10 0.000
39 11 0.000
39 12 0.000
39 13 0.000
39 14 0.000
39 15 0.000
39 16 0.000
39 17 0.000
39 18 0.000
39 19 0.000
39 20 0.000
39 21 0.000
39 22 0.000
39 23 0.000
39 24 0.000
39 25 0.000
39 26 0.000
39 27 0.004
39 28 0.000
39 29 0.000
39 30 0.000
39 31 0.000
39 32 0.000
39 33 0.000
39 34 0.000
39 35 0.000
39 36 0.000
39 37 0.000
39 38 0.000
39 39 0.004
39 40 0.000
39 41 0.000
39 42 0.000
39 43 0.000
39 44 0.000
39 45 0.000
39 46 0.000
39 47 0.000
39 48 0.000
39 49 0.000
39 50 0.000
39 51 0.000
39 52 0.000
39 53 0.000
39 54 0.000
39 55 0.000
39 56 0.000
39 57 0.000
39 58 0.000
39 59 0.000
39 60 0.000


40 1 0.966
40 2 0.000
40 3 0.014
40 4 0.000
40 5 0.000
40 6 0.000
40 7 0.038
40 8 0.000
40 9 0.000
40 10 0.000
40 11 0.000
40 12 0.000
40 13 0.000
40 14 0.000
40 15 0.000
40 16 0.000
40 17 0.000
40 18 0.000
40 19 0.000
40 20 0.000
40 21 0.000
40 22 0.000
40 23 0.000
40 24 0.000
40 25 0.002
40 26 0.134
40 27 0.000
40 28 0.000
40 29 0.000
40 30 0.000
40 31 0.000
40 32 0.000
40 33 0.000
40 34 0.020
40 35 0.000
40 36 0.000
40 37 0.012
40 38 0.114
40 39 0.000
40 40 0.860
40 41 0.000
40 42 0.000
40 43 0.000
40 44 0.236
40 45 0.000
40 46 0.008
40 47 0.054
40 48 0.000
40 49 0.020
40 50 0.000
40 51 0.002
40 52 0.028
40 53 0.032
40 54 0.000
40 55 0.000
40 56 0.000
40 57 0.510
40 58 0.000
40 59 0.000
40 60 0.000


41 1 0.000
41 2 0.000
41 3 0.000
41 4 0.000
41 5 0.000
41 6 0.006
41 7 0.000
41 8 0.000
41 9 0.000
41 10 0.000
41 11 0.000
41 12 0.000
41 13 0.000
41 14 0.000
41 15 0.000
41 16 0.002
41 17 0.000
41 18 0.000
41 19 0.000
41 20 0.000
41 21 0.000
41 22 0.000
41 23 0.000
41 24 0.000
41 25 0.000
41 26 0.000
41 27 0.000
41 28 0.000
41 29 0.000
41 30 0.000
41 31 0.000
41 32 0.000
41 33 0.000
41 34 0.000
41 35 0.000
41 36 0.000
41 37 0.000
41 38 0.000
41 39 0.000
41 40 0.000
41 41 0.006
41 42 0.000
41 43 0.000
41 44 0.000
41 45 0.000
41 46 0.000
41 47 0.000
41 48 0.002
41 49 0.000
41 50 0.000
41 51 0.000
41 52 0.000
41 53 0.000
41 54 0.000
41 55 0.000
41 56 0.000
41 57 0.000
41 58 0.000
41 59 0.000
41 60 0.000


42 1 0.000
42 2 0.000
42 3 0.000
42 4 0.000
42 5 0.000
42 6 0.000
42 7 0.000
42 8 0.000
42 9 0.000
42 10 0.000
42 11 0.000
42 12 0.000
42 13 0.000
42 14 0.000
42 15 0.000
42 16 0.000
42 17 0.000
42 18 0.000
42 19 0.000
42 20 0.000
42 21 0.000
42 22 0.000
42 23 0.000
42 24 0.000
42 25 0.000
42 26 0.000
42 27 0.000
42 28 0.000
42 29 0.000
42 30 0.000
42 31 0.000
42 32 0.000
42 33 0.000
42 34 0.000
42 35 0.000
42 36 0.000
42 37 0.000
42 38 0.000
42 39 0.000
42 40 0.000
42 41 0.000
42 42 0.000
42 43 0.000
42 44 0.000
42 45 0.000
42 46 0.000
42 47 0.000
42 48 0.000
42 49 0.000
42 50 0.000
42 51 0.000
42 52 0.000
42 53 0.000
42 54 0.000
42 55 0.000
42 56 0.000
42 57 0.000
42 58 0.000
42 59 0.000
42 60 0.000


43 1 0.018
43 2 0.000
43 3 0.002
43 4 0.000
43 5 0.000
43 6 0.002
43 7 0.000
43 8 0.000
43 9 0.002
43 10 0.078
43 11 0.000
43 12 0.000
43 13 0.000
43 14 0.000
43 15 0.000
43 16 0.000
43 17 0.000
43 18 0.000
43 19 0.000
43 20 0.000
43 21 0.000
43 22 0.000
43 23 0.000
43 24 0.000
43 25 0.000
43 26 0.000
43 27 0.000
43 28 0.000
43 29 0.000
43 30 0.014
43 31 0.000
43 32 0.000
43 33 0.000
43 34 0.000
43 35 0.000
43 36 0.000
43 37 0.000
43 38 0.000
43 39 0.000
43 40 0.000
43 41 0.000
43 42 0.000
43 43 0.196
43 44 0.090
43 45 0.000
43 46 0.000
43 47 0.000
43 48 0.000
43 49 0.000
43 50 0.000
43 51 0.000
43 52 0.000
43 53 0.008
43 54 0.000
43 55 0.000
43 56 0.000
43 57 0.000
43 58 0.000
43 59 0.000
43 60 0.000


44 1 6.484
44 2 0.000
44 3 1.442
44 4 0.000
44 5 0.000
44 6 0.020
44 7 0.282
44 8 0.000
44 9 0.000
44 10 1.816
44 11 0.000
44 12 0.006
44 13 0.000
44 14 0.000
44 15 0.038
44 16 0.000
44 17 0.000
44 18 0.000
44 19 0.000
44 20 0.000
44 21 0.016
44 22 0.000
44 23 0.000
44 24 0.000
44 25 0.040
44 26 0.096
44 27 0.000
44 28 0.000
44 29 0.000
44 30 1.116
44 31 0.024
44 32 0.000
44 33 0.000
44 34 0.006
44 35 0.000
44 36 0.070
44 37 0.074
44 38 0.016
44 39 0.000
44 40 0.296
44 41 0.000
44 42 0.000
44 43 0.142
44 44 13.164
44 45 0.000
44 46 0.000
44 47 0.314
44 48 0.000
44 49 0.002
44 50 0.002
44 51 0.002
44 52 0.008
44 53 0.516
44 54 0.000
44 55 0.000
44 56 0.000
44 57 5.234
44 58 0.000
44 59 0.000
44 60 0.000


45 1 0.022
45 2 0.000
45 3 0.000
45 4 0.000
45 5 0.000
45 6 0.000
45 7 0.016
45 8 0.000
45 9 0.000
45 10 0.000
45 11 0.000
45 12 0.026
45 13 0.000
45 14 0.000
45 15 0.000
45 16 0.000
45 17 0.000
45 18 0.000
45 19 0.000
45 20 0.000
45 21 0.000
45 22 0.000
45 23 0.000
45 24 0.000
45 25 0.000
45 26 0.000
45 27 0.000
45 28 0.000
45 29 0.000
45 30 0.000
45 31 0.000
45 32 0.000
45 33 0.000
45 34 0.002
45 35 0.000
45 36 0.000
45 37 0.004
45 38 0.000
45 39 0.000
45 40 0.000
45 41 0.000
45 42 0.000
45 43 0.000
45 44 0.000
45 45 0.000
45 46 0.000
45 47 0.000
45 48 0.000
45 49 0.000
45 50 0.000
45 51 0.000
45 52 0.002
45 53 0.000
45 54 0.000
45 55 0.000
45 56 0.000
45 57 0.000
45 58 0.000
45 59 0.000
45 60 0.000


46 1 0.000
46 2 0.238
46 3 0.000
46 4 0.000
46 5 0.000
46 6 0.000
46 7 0.000
46 8 0.000
46 9 0.000
46 10 0.000
46 11 0.000
46 12 0.000
46 13 0.058
46 14 0.000
46 15 0.000
46 16 0.000
46 17 0.000
46 18 0.000
46 19 0.000
46 20 0.000
46 21 0.000
46 22 0.000
46 23 0.000
46 24 0.000
46 25 0.000
46 26 0.012
46 27 0.000
46 28 0.000
46 29 0.000
46 30 0.000
46 31 0.000
46 32 0.000
46 33 0.000
46 34 0.000
46 35 0.000
46 36 0.000
46 37 0.000
46 38 0.000
46 39 0.000
46 40 0.016
46 41 0.000
46 42 0.000
46 43 0.000
46 44 0.000
46 45 0.000
46 46 0.272
46 47 0.000
46 48 0.000
46 49 0.000
46 50 0.000
46 51 0.000
46 52 0.000
46 53 0.000
46 54 0.000
46 55 0.000
46 56 0.000
46 57 0.000
46 58 0.000
46 59 0.000
46 60 0.000


47 1 0.980
47 2 0.000
47 3 0.128
47 4 0.000
47 5 0.000
47 6 0.024
47 7 0.016
47 8 0.000
47 9 0.000
47 10 0.000
47 11 0.000
47 12 0.000
47 13 0.006
47 14 0.000
47 15 0.116
47 16 0.000
47 17 0.000
47 18 0.000
47 19 0.000
47 20 0.000
47 21 0.078
47 22 0.000
47 23 0.000
47 24 0.000
47 25 0.000
47 26 0.136
47 27 0.000
47 28 0.010
47 29 0.000
47 30 0.000
47 31 0.000
47 32 0.000
47 33 0.000
47 34 0.006
47 35 0.000
47 36 0.016
47 37 0.048
47 38 0.062
47 39 0.000
47 40 0.050
47 41 0.000
47 42 0.000
47 43 0.000
47 44 0.296
47 45 0.000
47 46 0.000
47 47 1.238
47 48 0.000
47 49 0.120
47 50 0.152
47 51 0.050
47 52 0.002
47 53 0.096
47 54 0.000
47 55 0.000
47 56 0.000
47 57 0.710
47 58 0.010
47 59 0.000
47 60 0.000


48 1 0.000
48 2 0.000
48 3 0.000
48 4 0.000
48 5 0.004
48 6 0.000
48 7 0.000
48 8 0.000
48 9 0.000
48 10 0.000
48 11 0.134
48 12 0.000
48 13 0.000
48 14 0.000
48 15 0.000
48 16 0.278
48 17 0.006
48 18 0.000
48 19 0.000
48 20 0.142
48 21 0.000
48 22 0.000
48 23 0.000
48 24 0.000
48 25 0.000
48 26 0.000
48 27 0.000
48 28 0.020
48 29 0.000
48 30 0.000
48 31 0.000
48 32 0.000
48 33 0.000
48 34 0.000
48 35 0.000
48 36 0.000
48 37 0.002
48 38 0.000
48 39 0.000
48 40 0.000
48 41 0.000
48 42 0.000
48 43 0.000
48 44 0.000
48 45 0.000
48 46 0.000
48 47 0.000
48 48 0.142
48 49 0.000
48 50 0.000
48 51 0.000
48 52 0.000
48 53 0.000
48 54 0.000
48 55 0.002
48 56 0.000
48 57 0.000
48 58 0.000
48 59 0.000
48 60 0.000


49 1 0.106
49 2 0.000
49 3 0.012
49 4 0.000
49 5 0.000
49 6 0.004
49 7 0.000
49 8 0.000
49 9 0.000
49 10 0.000
49 11 0.000
49 12 0.000
49 13 0.000
49 14 0.000
49 15 0.008
49 16 0.000
49 17 0.000
49 18 0.000
49 19 0.000
49 20 0.000
49 21 0.012
49 22 0.000
49 23 0.000
49 24 0.000
49 25 0.000
49 26 0.120
49 27 0.000
49 28 0.000
49 29 0.000
49 30 0.000
49 31 0.000
49 32 0.000
49 33 0.000
49 34 0.004
49 35 0.000
49 36 0.000
49 37 0.006
49 38 0.084
49 39 0.000
49 40 0.024
49 41 0.000
49 42 0.000
49 43 0.000
49 44 0.000
49 45 0.000
49 46 0.000
49 47 0.094
49 48 0.000
49 49 0.212
49 50 0.022
49 51 0.022
49 52 0.010
49 53 0.000
49 54 0.000
49 55 0.000
49 56 0.000
49 57 0.356
49 58 0.000
49 59 0.000
49 60 0.000


50 1 0.166
50 2 0.000
50 3 0.312
50 4 0.000
50 5 0.000
50 6 0.104
50 7 0.000
50 8 0.000
50 9 0.000
50 10 0.076
50 11 0.000
50 12 0.000
50 13 0.016
50 14 0.000
50 15 0.538
50 16 0.000
50 17 0.000
50 18 0.000
50 19 0.000
50 20 0.000
50 21 0.226
50 22 0.000
50 23 0.000
50 24 0.000
50 25 0.000
50 26 0.006
50 27 0.000
50 28 0.012
50 29 0.000
50 30 0.048
50 31 0.002
50 32 0.000
50 33 0.000
50 34 0.002
50 35 0.000
50 36 0.052
50 37 0.000
50 38 0.000
50 39 0.000
50 40 0.000
50 41 0.000
50 42 0.000
50 43 0.000
50 44 0.000
50 45 0.000
50 46 0.000
50 47 0.188
50 48 0.000
50 49 0.054
50 50 1.084
50 51 0.086
50 52 0.000
50 53 0.026
50 54 0.000
50 55 0.000
50 56 0.000
50 57 0.874
50 58 0.004
50 59 0.000
50 60 0.000


51 1 0.034
51 2 0.000
51 3 0.108
51 4 0.000
51 5 0.000
51 6 0.032
51 7 0.000
51 8 0.000
51 9 0.000
51 10 0.018
51 11 0.000
51 12 0.000
51 13 0.000
51 14 0.000
51 15 0.170
51 16 0.000
51 17 0.000
51 18 0.000
51 19 0.000
51 20 0.000
51 21 0.076
51 22 0.000
51 23 0.000
51 24 0.000
51 25 0.000
51 26 0.000
51 27 0.000
51 28 0.006
51 29 0.000
51 30 0.010
51 31 0.000
51 32 0.000
51 33 0.000
51 34 0.000
51 35 0.000
51 36 0.028
51 37 0.000
51 38 0.002
51 39 0.000
51 40 0.000
51 41 0.000
51 42 0.000
51 43 0.000
51 44 0.004
51 45 0.000
51 46 0.002
51 47 0.054
51 48 0.000
51 49 0.008
51 50 0.076
51 51 0.160
51 52 0.000
51 53 0.016
51 54 0.000
51 55 0.000
51 56 0.000
51 57 0.082
51 58 0.000
51 59 0.000
51 60 0.000


52 1 0.570
52 2 0.000
52 3 0.000
52 4 0.000
52 5 0.000
52 6 0.000
52 7 0.464
52 8 0.002
52 9 0.000
52 10 0.000
52 11 0.000
52 12 0.000
52 13 0.000
52 14 0.000
52 15 0.000
52 16 0.002
52 17 0.000
52 18 0.000
52 19 0.000
52 20 0.000
52 21 0.000
52 22 0.012
52 23 0.000
52 24 0.000
52 25 0.000
52 26 0.026
52 27 0.000
52 28 0.000
52 29 0.000
52 30 0.000
52 31 0.000
52 32 0.000
52 33 0.018
52 34 0.332
52 35 0.000
52 36 0.000
52 37 0.114
52 38 0.016
52 39 0.000
52 40 0.038
52 41 0.000
52 42 0.000
52 43 0.000
52 44 0.006
52 45 0.000
52 46 0.000
52 47 0.002
52 48 0.000
52 49 0.000
52 50 0.000
52 51 0.000
52 52 0.210
52 53 0.002
52 54 0.000
52 55 0.000
52 56 0.000
52 57 0.268
52 58 0.004
52 59 0.000
52 60 0.000


53 1 1.006
53 2 0.000
53 3 0.422
53 4 0.000
53 5 0.000
53 6 0.084
53 7 0.030
53 8 0.000
53 9 0.000
53 10 0.346
53 11 0.000
53 12 0.000
53 13 0.000
53 14 0.000
53 15 0.054
53 16 0.000
53 17 0.000
53 18 0.000
53 19 0.000
53 20 0.000
53 21 0.060
53 22 0.000
53 23 0.000
53 24 0.000
53 25 0.000
53 26 0.040
53 27 0.000
53 28 0.000
53 29 0.000
53 30 0.202
53 31 0.000
53 32 0.000
53 33 0.000
53 34 0.006
53 35 0.000
53 36 0.034
53 37 0.024
53 38 0.030
53 39 0.000
53 40 0.056
53 41 0.000
53 42 0.000
53 43 0.010
53 44 0.414
53 45 0.000
53 46 0.000
53 47 0.116
53 48 0.000
53 49 0.002
53 50 0.038
53 51 0.018
53 52 0.004
53 53 1.384
53 54 0.000
53 55 0.000
53 56 0.000
53 57 0.002
53 58 0.000
53 59 0.000
53 60 0.000


54 1 0.000
54 2 0.000
54 3 0.000
54 4 0.000
54 5 0.000
54 6 0.000
54 7 0.000
54 8 0.000
54 9 0.000
54 10 0.000
54 11 0.000
54 12 0.000
54 13 0.000
54 14 0.000
54 15 0.000
54 16 0.000
54 17 0.000
54 18 0.000
54 19 0.000
54 20 0.000
54 21 0.000
54 22 0.000
54 23 0.002
54 24 0.000
54 25 0.000
54 26 0.000
54 27 0.000
54 28 0.000
54 29 0.000
54 30 0.000
54 31 0.000
54 32 0.000
54 33 0.000
54 34 0.000
54 35 0.000
54 36 0.000
54 37 0.000
54 38 0.000
54 39 0.000
54 40 0.000
54 41 0.000
54 42 0.000
54 43 0.000
54 44 0.000
54 45 0.000
54 46 0.000
54 47 0.000
54 48 0.000
54 49 0.000
54 50 0.000
54 51 0.000
54 52 0.000
54 53 0.000
54 54 0.002
54 55 0.000
54 56 0.000
54 57 0.000
54 58 0.000
54 59 0.000
54 60 0.000


55 1 0.004
55 2 0.000
55 3 0.000
55 4 0.000
55 5 0.000
55 6 0.000
55 7 0.014
55 8 0.000
55 9 0.000
55 10 0.000
55 11 0.018
55 12 0.000
55 13 0.000
55 14 0.000
55 15 0.000
55 16 0.006
55 17 0.010
55 18 0.000
55 19 0.000
55 20 0.006
55 21 0.000
55 22 0.000
55 23 0.000
55 24 0.000
55 25 0.000
55 26 0.000
55 27 0.000
55 28 0.000
55 29 0.000
55 30 0.000
55 31 0.000
55 32 0.000
55 33 0.000
55 34 0.010
55 35 0.000
55 36 0.000
55 37 0.000
55 38 0.000
55 39 0.000
55 40 0.000
55 41 0.000
55 42 0.000
55 43 0.000
55 44 0.000
55 45 0.000
55 46 0.000
55 47 0.000
55 48 0.006
55 49 0.000
55 50 0.000
55 51 0.000
55 52 0.000
55 53 0.000
55 54 0.000
55 55 0.008
55 56 0.000
55 57 0.000
55 58 0.000
55 59 0.000
55 60 0.000


56 1 0.000
56 2 0.000
56 3 0.000
56 4 0.000
56 5 0.000
56 6 0.000
56 7 0.000
56 8 0.000
56 9 0.000
56 10 0.000
56 11 0.000
56 12 0.000
56 13 0.000
56 14 0.000
56 15 0.000
56 16 0.000
56 17 0.000
56 18 0.000
56 19 0.000
56 20 0.000
56 21 0.000
56 22 0.000
56 23 0.000
56 24 0.002
56 25 0.000
56 26 0.000
56 27 0.000
56 28 0.000
56 29 0.000
56 30 0.000
56 31 0.000
56 32 0.000
56 33 0.000
56 34 0.000
56 35 0.000
56 36 0.000
56 37 0.000
56 38 0.000
56 39 0.000
56 40 0.000
56 41 0.000
56 42 0.000
56 43 0.000
56 44 0.000
56 45 0.000
56 46 0.000
56 47 0.000
56 48 0.002
56 49 0.000
56 50 0.000
56 51 0.000
56 52 0.000
56 53 0.000
56 54 0.000
56 55 0.000
56 56 0.000
56 57 0.000
56 58 0.000
56 59 0.000
56 60 0.000


57 1 20.180
57 2 0.000
57 3 0.710
57 4 0.000
57 5 0.000
57 6 0.052
57 7 0.280
57 8 0.000
57 9 0.000
57 10 0.012
57 11 0.000
57 12 0.000
57 13 0.000
57 14 0.000
57 15 0.110
57 16 0.004
57 17 0.000
57 18 0.000
57 19 0.000
57 20 0.000
57 21 0.430
57 22 0.000
57 23 0.000
57 24 0.000
57 25 0.000
57 26 1.034
57 27 0.000
57 28 0.048
57 29 0.000
57 30 0.006
57 31 0.000
57 32 0.000
57 33 0.000
57 34 0.318
57 35 0.000
57 36 0.022
57 37 3.764
57 38 1.598
57 39 0.000
57 40 0.738
57 41 0.000
57 42 0.000
57 43 0.000
57 44 5.016
57 45 0.000
57 46 0.002
57 47 1.156
57 48 0.000
57 49 0.556
57 50 1.426
57 51 0.116
57 52 0.284
57 53 0.000
57 54 0.000
57 55 0.000
57 56 0.000
57 57 30.217
57 58 0.034
57 59 0.000
57 60 0.000


58 1 0.026
58 2 0.000
58 3 0.000
58 4 0.000
58 5 0.000
58 6 0.000
58 7 0.008
58 8 0.000
58 9 0.000
58 10 0.000
58 11 0.000
58 12 0.000
58 13 0.000
58 14 0.000
58 15 0.000
58 16 0.000
58 17 0.000
58 18 0.000
58 19 0.000
58 20 0.000
58 21 0.000
58 22 0.000
58 23 0.000
58 24 0.000
58 25 0.000
58 26 0.002
58 27 0.000
58 28 0.000
58 29 0.000
58 30 0.000
58 31 0.000
58 32 0.000
58 33 0.000
58 34 0.024
58 35 0.000
58 36 0.000
58 37 0.008
58 38 0.024
58 39 0.000
58 40 0.002
58 41 0.000
58 42 0.000
58 43 0.000
58 44 0.000
58 45 0.000
58 46 0.000
58 47 0.000
58 48 0.000
58 49 0.000
58 50 0.000
58 51 0.000
58 52 0.002
58 53 0.000
58 54 0.000
58 55 0.000
58 56 0.000
58 57 0.028
58 58 0.020
58 59 0.000
58 60 0.000


59 1 0.000
59 2 0.000
59 3 0.000
59 4 0.000
59 5 0.000
59 6 0.000
59 7 0.000
59 8 0.000
59 9 0.000
59 10 0.000
59 11 0.000
59 12 0.000
59 13 0.000
59 14 0.000
59 15 0.000
59 16 0.000
59 17 0.000
59 18 0.000
59 19 0.000
59 20 0.000
59 21 0.000
59 22 0.000
59 23 0.000
59 24 0.000
59 25 0.000
59 26 0.000
59 27 0.000
59 28 0.000
59 29 0.000
59 30 0.000
59 31 0.000
59 32 0.000
59 33 0.000
59 34 0.000
59 35 0.000
59 36 0.000
59 37 0.000
59 38 0.000
59 39 0.000
59 40 0.000
59 41 0.000
59 42 0.000
59 43 0.000
59 44 0.000
59 45 0.000
59 46 0.000
59 47 0.000
59 48 0.000
59 49 0.000
59 50 0.000
59 51 0.000
59 52 0.000
59 53 0.000
59 54 0.000
59 55 0.000
59 56 0.000
59 57 0.000
59 58 0.000
59 59 0.000
59 60 0.000


60 1 0.000
60 2 0.000
60 3 0.000
60 4 0.000
60 5 0.000
60 6 0.000
60 7 0.000
60 8 0.000
60 9 0.000
60 10 0.000
60 11 0.000
60 12 0.000
60 13 0.000
60 14 0.000
60 15 0.000
60 16 0.000
60 17 0.000
60 18 0.000
60 19 0.000
60 20 0.000
60 21 0.000
60 22 0.000
60 23 0.000
60 24 0.000
60 25 0.000
60 26 0.000
60 27 0.000
60 28 0.000
60 29 0.000
60 30 0.000
60 31 0.000
60 32 0.000
60 33 0.000
60 34 0.000
60 35 0.000
60 36 0.000
60 37 0.000
60 38 0.000
60 39 0.000
60 40 0.000
60 41 0.000
60 42 0.000
60 43 0.000
60 44 0.000
60 45 0.000
60 46 0.000
60 47 0.000
60 48 0.000
60 49 0.000
60 50 0.000
60 51 0.000
60 52 0.000
60 53 0.000
60 54 0.000
60 55 0.000
60 56 0.000
60 57 0.000
60 58 0.000
60 59 0.000
60 60 0.000


