60
378 379 381 382 383 384 385 386 388 393 409 410 411 414 415 419 420 423 427 428 429 430 431 432 433 434 435 436 437 438 440 442 443 470 474 477 478 515 516 517 518 519 757 760 793 795 796 797 798 799 800 833 835 839 846 847 862 863 867 871 874 951 953 955 957 1000 1003 1006 1007 1008 1012 1014 1021 1025 1052 1053 1057 1058 1059 1061 1062 1064 1071 1110 1113 1496 1524 1530 1532 1534 1538 1587 1591 1593 1595 1596 1601 1602 1603 2240 2241 2242 2244 2247 2253 2254 2263 2264 2265 2266 2267 2269 2271 2277 2278 2279 2281 2328 2332 2334 2346 2350 2353 2354 2355 2356 2383 2391 2392 2559 2560 2561 2562 2563 2566 2584 2585 2588 2597 2598 2599 2601 2602 2603 2604 2605 2606 2609 2611 2626 2629 2631 2632 2634 2643 2647 2648 2649 2650 2651 2652 2654 2672 2832 2833 2835 2836 2837 2838 2839 2861 2862 2867 2868 2877 2886 2896 2898 2900 2983 3155 3156 3158 3159 
219 233 247 248 249 252 267 268 275 277 280 281 546 586 588 590 
88 101 105 122 126 127 132 133 1141 1142 1143 1144 1147 1264 1275 1276 1277 1280 1289 1291 1298 1300 1301 1305 1319 1320 1321 1324 
1770 1774 1781 1782 1795 1814 1815 1819 1882 3462 4614 4616 4622 4624 4625 4648 4649 4652 4653 4664 4665 4669 4677 4678 
4069 4070 4221 4224 4301 4307 4324 4371 4372 4375 4378 
12 13 14 17 27 36 39 42 43 46 47 48 55 1116 1153 1154 1157 1158 1162 1170 1171 1181 1186 2092 2094 2095 2144 2154 2155 2157 2158 2159 2160 2161 2163 2164 2167 2208 
2270 2271 2272 2275 2280 2282 2283 2284 2285 2302 2310 2339 2341 2342 2344 2898 2899 2900 2902 2953 2954 2955 2956 2968 2970 2971 2981 2982 3281 3282 
2948 3261 3262 3265 3324 3325 3326 3535 3536 3538 3539 3773 3781 3802 3806 3810 4093 4094 4096 4098 4107 
1840 1842 1843 1851 1854 1859 1861 1863 1866 1868 1869 1914 1915 1916 1919 1921 1932 1934 1986 1987 1988 2465 2468 2470 2476 2478 
1273 1279 1511 1512 1513 1514 1547 1549 2421 2422 2423 2425 2427 2428 2431 2523 2528 2530 
2686 2688 2751 2752 2753 2754 2763 3167 3169 3173 3175 3178 3179 3183 3186 3196 3200 3203 3204 4163 4164 
1635 1640 1641 2963 3395 3471 3472 3474 3475 3476 3485 3486 3490 3496 3498 3500 3502 3503 3506 
152 153 182 186 191 192 206 214 216 1354 1355 1358 1359 1363 1378 1385 1387 
1878 1883 1887 1890 1929 1930 1944 1955 1956 3347 3352 3356 3404 3405 3409 3410 3416 3417 3421 3426 3428 3430 
136 137 139 140 142 177 178 179 180 244 245 246 560 561 564 
2063 2066 2107 2108 2119 2121 2124 2126 2214 2218 2231 2236 3192 3232 4262 
2996 3000 3001 3005 3006 3015 3020 3025 3027 3030 3266 3267 3268 3269 3698 3708 3710 3788 4130 4136 4139 4142 4145 4210 4212 
3373 3374 3375 3376 3508 3520 3523 3526 3531 3532 3533 3544 3545 3550 3576 3577 3578 3764 3793 3797 3807 3808 3809 3814 3815 3816 3819 
3301 3302 3303 3304 3310 3349 3351 3354 3355 3357 4006 4008 4010 4020 4023 4027 4028 4029 4034 4082 4393 4395 
2131 2132 2133 3184 3194 3206 3245 3246 3248 4232 4235 4237 4252 4259 4260 
80 82 86 110 114 1087 1091 1092 1094 1096 1099 1101 1104 1145 1155 
3012 3050 3051 3052 3054 3059 3060 3072 3078 3080 3654 3657 3661 3697 3711 3716 3723 
4493 4494 4495 4518 4523 4529 4532 4534 4663 4667 4672 4673 
3944 3958 4016 4376 4379 4381 4418 4419 4442 4443 4444 4447 4561 4562 4563 4564 4565 4566 4567 
1576 1577 1588 1589 1592 1605 1649 1650 1654 1656 1659 1661 1664 1665 1666 1667 1722 1727 1728 1729 1743 1744 
809 820 824 827 831 882 884 886 966 1405 1407 1409 1410 1416 1417 1431 
1669 1672 1740 1741 1792 1796 1800 1806 1812 1813 1816 1817 1855 1856 1857 1860 1937 1939 2457 2459 2461 
2177 2178 2183 2192 2663 2673 2681 2695 2696 2697 2699 2700 2701 2710 2711 2712 2714 2715 2725 2726 2741 
3751 3754 3777 3778 3779 3783 3785 3786 3789 4040 4044 4045 4052 4091 4108 4109 4110 4113 4120 4124 4143 
711 712 723 725 728 731 736 1507 1509 1515 1523 1536 1557 1563 1565 
198 199 202 225 230 237 238 239 240 582 583 592 604 605 607 610 612 618 
4506 4510 4511 4512 4514 4515 4517 4521 4579 4592 4607 4608 4609 4627 4635 4636 4637 4638 4639 
2903 2905 2908 2909 2919 2935 2936 2942 3543 3556 3557 3581 3596 3599 3603 3645 3646 3647 3648 
2822 2823 2841 2845 2855 2888 2889 2890 2891 2985 3044 3048 3108 3110 3111 3112 3154 3157 
1764 1765 1767 1768 3434 3438 3440 3444 3448 3464 3466 3860 3863 3866 3884 
3 8 15 566 600 601 602 608 613 639 640 641 
2220 2223 2224 2228 2230 2256 2260 2261 2262 2268 2640 2641 2644 2675 2691 2733 2737 2738 2778 2782 2784 2786 2787 2788 2789 2791 2794 2796 
865 868 870 872 873 877 888 902 906 908 932 934 938 945 948 954 
1833 1837 1849 1850 1896 1902 1918 1920 4455 4459 4461 4504 4507 
446 447 448 451 455 456 461 462 494 810 812 816 818 836 837 841 853 854 857 
1196 1197 2024 2027 2029 2042 2073 2075 2079 2081 2086 4290 4292 4343 4344 
3831 3832 3833 3834 3835 3837 3838 3839 3846 3857 3898 3901 3914 3915 3916 3919 3921 3928 3931 3968 
1209 1210 1214 1226 1227 1228 1229 2424 2430 2485 2487 2511 
1254 1255 1256 1260 1282 1495 1497 1501 1506 1517 1545 1550 1551 2386 2387 2575 
2932 2938 2946 2964 2965 2966 2967 3493 3495 3499 3511 3547 
213 217 259 260 261 262 306 307 310 1390 1396 1402 1412 1443 1444 1445 
1018 1039 1040 1043 1044 1333 1335 1343 1344 1373 1374 1424 1425 1448 1463 1464 
3207 4167 4171 4177 4179 4214 4226 4230 4234 4236 4238 4239 4240 4241 4306 
920 924 925 926 929 946 958 964 972 973 977 981 983 987 
45 51 53 56 57 61 65 72 93 95 1034 1046 1050 1089 1090 
24 30 41 59 107 108 120 155 156 157 161 1042 1339 
2863 2864 2865 2869 2870 2871 2872 2873 2893 2915 2920 2922 3601 3602 3604 3605 3609 3614 
1131 1132 1134 1135 1137 1164 1172 1173 1174 1175 1177 1178 1185 1187 1192 1193 1237 1241 1244 1258 1267 1268 2097 2118 2618 
4355 4357 4366 4407 4408 4411 4412 4413 4416 4420 4421 4422 4473 4475 4477 4478 4481 
2769 2770 2773 2775 3028 3129 3136 3139 3141 3142 3143 3145 3146 3162 3164 3170 3171 3172 3219 3220 
3987 3990 3994 3995 3996 3998 4000 4042 4046 4053 4058 4062 4064 4067 4121 4122 4123 
1077 1080 1126 1288 1294 1297 1461 2572 2574 2577 2578 2579 2582 2596 2600 2624 
897 900 904 910 911 912 913 915 918 923 1364 1370 1376 1391 1392 1394 1398 1399 
278 285 287 290 318 322 328 329 527 531 532 536 539 540 542 543 
3570 3571 3579 3623 3628 3667 3673 3684 3686 3687 3688 3737 3742 3745 

